<?xml version="1.0" encoding="utf-8"?>
<COLLADA xmlns="http://www.collada.org/2005/11/COLLADASchema" version="1.4.1">
  <asset><contributor><author>Mixamo</author><authoring_tool>COLLADA Mixamo exporter</authoring_tool><comments></comments></contributor><created>2021-04-07T03:30:32Z</created><modified>2021-04-07T03:30:32Z</modified><revision></revision><title></title><unit meter="0.010000"/><up_axis>Y_UP</up_axis></asset>
  <library_animations>
    <animation id="Hips-anim" name="Hips"><source id="Hips-Matrix-animation-input"><float_array id="Hips-Matrix-animation-input-array" count="53">

0.000000 0.033333 0.066667 0.100000 0.133333 0.166667 0.200000 0.233333 0.266667 0.300000 0.333333 0.366667 0.400000 0.433333 0.466667 0.500000
0.533333 0.566667 0.600000 0.633333 0.666667 0.700000 0.733333 0.766667 0.800000 0.833333 0.866667 0.900000 0.933333 0.966667 1.000000 1.033333
1.066667 1.100000 1.133333 1.166667 1.200000 1.233333 1.266667 1.300000 1.333333 1.366667 1.400000 1.433333 1.466667 1.500000 1.533333 1.566667
1.600000 1.633333 1.666667 1.700000 1.733333</float_array><technique_common><accessor source="#Hips-Matrix-animation-input-array" count="53"><param name="TIME" type="float"/></accessor></technique_common></source><source id="Hips-Matrix-animation-output-transform"><float_array id="Hips-Matrix-animation-output-transform-array" count="848">

0.822203 0.025115 -0.568640 -0.819355 -0.005913 0.999349 0.035588 96.494675 0.569164 -0.025898 0.821816 1.265398 0.000000 0.000000 0.000000 1.000000
0.825334 0.026989 -0.564000 -0.792256 -0.002978 0.999051 0.043449 95.838272 0.564637 -0.034180 0.824631 2.202665 0.000000 0.000000 0.000000 1.000000
0.822274 0.028473 -0.568379 -0.749247 0.003946 0.998438 0.055726 95.120880 0.569078 -0.048065 0.820878 3.637420 0.000000 0.000000 0.000000 1.000000
0.810132 0.029393 -0.585510 -0.643103 0.014030 0.997484 0.069487 94.325836 0.586079 -0.064508 0.807682 5.892889 0.000000 0.000000 0.000000 1.000000
0.785851 0.027268 -0.617815 -0.430366 0.026876 0.996578 0.078171 93.514832 0.617832 -0.078035 0.782429 9.046294 0.000000 0.000000 0.000000 1.000000
0.739306 0.015861 -0.673183 0.062805 0.041393 0.996761 0.068944 93.087151 0.672097 -0.078835 0.736255 13.162405 0.000000 0.000000 0.000000 1.000000
0.673617 0.000192 -0.739081 0.799958 0.048170 0.997862 0.044162 93.192917 0.737510 -0.065350 0.672167 17.715734 0.000000 0.000000 0.000000 1.000000
0.597895 -0.014572 -0.801442 1.854852 0.039948 0.999134 0.011636 93.624969 0.800579 -0.038974 0.597959 22.339453 0.000000 0.000000 0.000000 1.000000
0.522636 -0.024654 -0.852199 3.186981 0.015071 0.999693 -0.019679 94.047653 0.852423 -0.002559 0.522847 26.812531 0.000000 0.000000 0.000000 1.000000
0.458247 -0.029220 -0.888344 4.699051 -0.021101 0.998820 -0.043739 93.906921 0.888574 0.038788 0.457090 31.370939 0.000000 0.000000 0.000000 1.000000
0.415382 -0.028816 -0.909191 6.389705 -0.058581 0.996576 -0.058350 92.682831 0.907759 0.077498 0.412272 36.887135 0.000000 0.000000 0.000000 1.000000
0.395621 -0.025903 -0.918048 8.208160 -0.084454 0.994341 -0.064451 90.498260 0.914522 0.103031 0.391195 42.993004 0.000000 0.000000 0.000000 1.000000
0.388529 -0.024381 -0.921114 10.039317 -0.090739 0.993779 -0.064579 88.329529 0.916958 0.108671 0.383900 48.222996 0.000000 0.000000 0.000000 1.000000
0.383146 -0.024851 -0.923353 11.727850 -0.085468 0.994396 -0.062228 86.694695 0.919725 0.102760 0.378875 52.289726 0.000000 0.000000 0.000000 1.000000
0.377366 -0.026457 -0.925686 12.898144 -0.081256 0.994791 -0.061557 85.766403 0.922492 0.098447 0.373251 55.455898 0.000000 0.000000 0.000000 1.000000
0.372696 -0.028964 -0.927501 13.421296 -0.083524 0.994409 -0.064616 85.347244 0.924187 0.101551 0.368193 57.911045 0.000000 0.000000 0.000000 1.000000
0.368334 -0.030996 -0.929177 13.540345 -0.087934 0.993802 -0.068010 85.191086 0.925525 0.106756 0.363326 59.655396 0.000000 0.000000 0.000000 1.000000
0.361948 -0.028245 -0.931770 13.436491 -0.090292 0.993779 -0.065199 85.157173 0.927815 0.107731 0.357146 60.640900 0.000000 0.000000 0.000000 1.000000
0.352373 -0.019433 -0.935658 13.086212 -0.089269 0.994528 -0.054275 85.252159 0.931592 0.102651 0.348710 60.893021 0.000000 0.000000 0.000000 1.000000
0.341788 -0.008131 -0.939742 12.435176 -0.084632 0.995633 -0.039396 85.535789 0.935958 0.092997 0.339608 60.450424 0.000000 0.000000 0.000000 1.000000
0.335596 0.002421 -0.942003 11.548604 -0.075275 0.996868 -0.024256 86.087112 0.938994 0.079050 0.334727 59.313213 0.000000 0.000000 0.000000 1.000000
0.339286 0.010904 -0.940620 10.526428 -0.060070 0.998143 -0.010097 87.017334 0.938763 0.059929 0.339311 57.468765 0.000000 0.000000 0.000000 1.000000
0.356100 0.014669 -0.934333 9.384446 -0.039140 0.999233 0.000771 88.385979 0.933628 0.036295 0.356402 54.846725 0.000000 0.000000 0.000000 1.000000
0.387543 0.009534 -0.921802 8.145233 -0.015067 0.999878 0.004007 90.221466 0.921728 0.012336 0.387640 51.424999 0.000000 0.000000 0.000000 1.000000
0.432778 -0.005960 -0.901481 6.952510 0.008491 0.999961 -0.002534 92.370842 0.901461 -0.006558 0.432812 47.388615 0.000000 0.000000 0.000000 1.000000
0.486252 -0.026628 -0.873413 6.024150 0.028211 0.999493 -0.014765 94.543533 0.873363 -0.017460 0.486757 43.229664 0.000000 0.000000 0.000000 1.000000
0.537533 -0.043024 -0.842145 5.485405 0.041816 0.998829 -0.024338 96.546799 0.842205 -0.022133 0.538702 39.371338 0.000000 0.000000 0.000000 1.000000
0.575401 -0.048794 -0.816414 5.321553 0.048153 0.998508 -0.025740 98.326050 0.816452 -0.024502 0.576893 35.767246 0.000000 0.000000 0.000000 1.000000
0.594019 -0.045661 -0.803154 5.432451 0.048486 0.998605 -0.020912 99.835060 0.802989 -0.026519 0.595404 32.698559 0.000000 0.000000 0.000000 1.000000
0.595563 -0.037700 -0.802424 5.655189 0.042669 0.998973 -0.015265 101.108116 0.802175 -0.025147 0.596559 30.003870 0.000000 0.000000 0.000000 1.000000
0.587872 -0.024223 -0.808591 5.864795 0.026229 0.999597 -0.010876 101.981163 0.808529 -0.014814 0.588270 27.630138 0.000000 0.000000 0.000000 1.000000
0.581018 -0.006175 -0.813867 5.888692 0.001049 0.999976 -0.006838 102.419510 0.813890 0.003119 0.581010 25.396799 0.000000 0.000000 0.000000 1.000000
0.583572 0.013304 -0.811952 5.674304 -0.026360 0.999649 -0.002566 102.212250 0.811633 0.022900 0.583718 23.208872 0.000000 0.000000 0.000000 1.000000
0.597088 0.029060 -0.801649 5.252564 -0.044350 0.999011 0.003181 101.308777 0.800949 0.033653 0.597786 20.812441 0.000000 0.000000 0.000000 1.000000
0.617781 0.037589 -0.785451 4.645483 -0.044484 0.998928 0.012818 100.142738 0.785091 0.027021 0.618791 18.148106 0.000000 0.000000 0.000000 1.000000
0.642974 0.040280 -0.764828 3.806233 -0.031773 0.999159 0.025911 99.003197 0.765228 0.007641 0.643713 15.281979 0.000000 0.000000 0.000000 1.000000
0.672227 0.040008 -0.739263 2.808291 -0.017144 0.999112 0.038481 97.951721 0.740147 -0.013194 0.672316 12.341346 0.000000 0.000000 0.000000 1.000000
0.702432 0.038450 -0.710712 1.870094 -0.005910 0.998820 0.048196 97.112801 0.711726 -0.029654 0.701831 9.491583 0.000000 0.000000 0.000000 1.000000
0.726706 0.036008 -0.686005 1.136815 0.002219 0.998497 0.054761 96.632332 0.686945 -0.041318 0.725533 6.842673 0.000000 0.000000 0.000000 1.000000
0.741909 0.030187 -0.669820 0.566230 0.010235 0.998360 0.056330 96.656525 0.670422 -0.048647 0.740383 4.466928 0.000000 0.000000 0.000000 1.000000
0.752749 0.018225 -0.658055 0.086383 0.021152 0.998431 0.051849 97.101898 0.657967 -0.052949 0.751183 2.426340 0.000000 0.000000 0.000000 1.000000
0.765698 0.003499 -0.643191 -0.289360 0.032961 0.998458 0.044670 97.780426 0.642355 -0.055404 0.764402 0.830940 0.000000 0.000000 0.000000 1.000000
0.781361 -0.007827 -0.624030 -0.554441 0.041025 0.998403 0.038844 98.490166 0.622730 -0.055952 0.780434 -0.312944 0.000000 0.000000 0.000000 1.000000
0.795197 -0.013044 -0.606211 -0.740445 0.043008 0.998464 0.034931 99.115669 0.604824 -0.053849 0.794536 -1.115742 0.000000 0.000000 0.000000 1.000000
0.803417 -0.013277 -0.595269 -0.873096 0.039716 0.998720 0.031328 99.605515 0.594091 -0.048811 0.802916 -1.695553 0.000000 0.000000 0.000000 1.000000
0.805333 -0.010302 -0.592733 -0.951025 0.032753 0.999095 0.027136 99.875961 0.591917 -0.041267 0.804942 -2.031793 0.000000 0.000000 0.000000 1.000000
0.802874 -0.005708 -0.596121 -0.984733 0.023770 0.999465 0.022444 99.853851 0.595674 -0.032190 0.802581 -2.070943 0.000000 0.000000 0.000000 1.000000
0.797949 0.000098 -0.602725 -0.986027 0.013738 0.999737 0.018351 99.533264 0.602568 -0.022923 0.797738 -1.825671 0.000000 0.000000 0.000000 1.000000
0.794752 0.006519 -0.606899 -0.969160 0.004631 0.999848 0.016804 99.000641 0.606917 -0.016166 0.794601 -1.381941 0.000000 0.000000 0.000000 1.000000
0.797373 0.012807 -0.603351 -0.940432 -0.001543 0.999815 0.019183 98.382484 0.603485 -0.014365 0.797245 -0.831107 0.000000 0.000000 0.000000 1.000000
0.805543 0.018259 -0.592256 -0.900835 -0.004633 0.999689 0.024520 97.753174 0.592519 -0.017008 0.805377 -0.200076 0.000000 0.000000 0.000000 1.000000
0.815039 0.022352 -0.578975 -0.856833 -0.005952 0.999526 0.030209 97.124245 0.579376 -0.021175 0.814785 0.499937 0.000000 0.000000 0.000000 1.000000
0.822203 0.025115 -0.568640 -0.819355 -0.005913 0.999349 0.035588 96.494675 0.569164 -0.025898 0.821816 1.265396 0.000000 0.000000 0.000000 1.000000</float_array><technique_common><accessor source="#Hips-Matrix-animation-output-transform-array" count="53" stride="16"><param type="float4x4"/></accessor></technique_common></source><source id="Hips-Interpolations"><Name_array id="Hips-Interpolations-array" count="53">
 LINEAR LINEAR LINEAR LINEAR LINEAR LINEAR LINEAR LINEAR LINEAR LINEAR LINEAR
LINEAR LINEAR LINEAR LINEAR LINEAR LINEAR LINEAR LINEAR LINEAR LINEAR LINEAR LINEAR
LINEAR LINEAR LINEAR LINEAR LINEAR LINEAR LINEAR LINEAR LINEAR LINEAR LINEAR LINEAR
LINEAR LINEAR LINEAR LINEAR LINEAR LINEAR LINEAR LINEAR LINEAR LINEAR LINEAR LINEAR
LINEAR LINEAR LINEAR LINEAR LINEAR LINEAR</Name_array><technique_common><accessor source="#Hips-Interpolations-array" count="53"><param type="name"/></accessor></technique_common></source><sampler id="Hips-Matrix-animation-transform"><input semantic="INPUT" source="#Hips-Matrix-animation-input"/><input semantic="OUTPUT" source="#Hips-Matrix-animation-output-transform"/><input semantic="INTERPOLATION" source="#Hips-Interpolations"/></sampler><channel source="#Hips-Matrix-animation-transform" target="Hips/matrix"/></animation>
    <animation id="Spine-anim" name="Spine"><source id="Spine-Matrix-animation-input"><float_array id="Spine-Matrix-animation-input-array" count="53">

0.000000 0.033333 0.066667 0.100000 0.133333 0.166667 0.200000 0.233333 0.266667 0.300000 0.333333 0.366667 0.400000 0.433333 0.466667 0.500000
0.533333 0.566667 0.600000 0.633333 0.666667 0.700000 0.733333 0.766667 0.800000 0.833333 0.866667 0.900000 0.933333 0.966667 1.000000 1.033333
1.066667 1.100000 1.133333 1.166667 1.200000 1.233333 1.266667 1.300000 1.333333 1.366667 1.400000 1.433333 1.466667 1.500000 1.533333 1.566667
1.600000 1.633333 1.666667 1.700000 1.733333</float_array><technique_common><accessor source="#Spine-Matrix-animation-input-array" count="53"><param name="TIME" type="float"/></accessor></technique_common></source><source id="Spine-Matrix-animation-output-transform"><float_array id="Spine-Matrix-animation-output-transform-array" count="848">

0.999277 -0.030053 0.023280 -0.005700 0.031850 0.996198 -0.081088 10.895800 -0.020754 0.081771 0.996435 -1.278700 0.000000 0.000000 0.000000 1.000000
0.999271 -0.028992 0.024830 -0.005700 0.031021 0.995842 -0.085648 10.895800 -0.022243 0.086355 0.996016 -1.278700 0.000000 0.000000 0.000000 1.000000
0.999201 -0.028602 0.027900 -0.005700 0.031111 0.995081 -0.094054 10.895800 -0.025073 0.094847 0.995176 -1.278700 0.000000 0.000000 0.000000 1.000000
0.999067 -0.027786 0.033049 -0.005700 0.031120 0.993980 -0.105050 10.895800 -0.029931 0.105981 0.993918 -1.278700 0.000000 0.000000 0.000000 1.000000
0.998922 -0.024134 0.039663 -0.005700 0.028507 0.993112 -0.113648 10.895800 -0.036647 0.114656 0.992729 -1.278700 0.000000 0.000000 0.000000 1.000000
0.998861 -0.014976 0.045303 -0.005700 0.020155 0.993029 -0.116131 10.895800 -0.043248 0.116912 0.992200 -1.278700 0.000000 0.000000 0.000000 1.000000
0.998909 -0.000662 0.046703 -0.005700 0.005985 0.993472 -0.113921 10.895800 -0.046323 0.114076 0.992391 -1.278700 0.000000 0.000000 0.000000 1.000000
0.998956 0.016431 0.042629 -0.005700 -0.011575 0.993668 -0.111756 10.895800 -0.044196 0.111146 0.992821 -1.278700 0.000000 0.000000 0.000000 1.000000
0.998900 0.031889 0.034367 -0.005700 -0.027863 0.993336 -0.111833 10.895800 -0.037704 0.110752 0.993133 -1.278700 0.000000 0.000000 0.000000 1.000000
0.998957 0.039121 0.023560 -0.005700 -0.036264 0.993111 -0.111427 10.895800 -0.027757 0.110457 0.993493 -1.278700 0.000000 0.000000 0.000000 1.000000
0.999327 0.034837 0.011483 -0.005700 -0.033383 0.993494 -0.108880 10.895800 -0.015201 0.108423 0.993989 -1.278700 0.000000 0.000000 0.000000 1.000000
0.999638 0.026916 -0.000168 -0.005700 -0.026774 0.993718 -0.108665 10.895800 -0.002758 0.108630 0.994078 -1.278700 0.000000 0.000000 0.000000 1.000000
0.999547 0.028535 -0.009572 -0.005700 -0.029460 0.992691 -0.117031 10.895800 0.006162 0.117260 0.993082 -1.278700 0.000000 0.000000 0.000000 1.000000
0.999117 0.039774 -0.013505 -0.005700 -0.041221 0.990237 -0.133157 10.895800 0.008077 0.133597 0.991003 -1.278700 0.000000 0.000000 0.000000 1.000000
0.998593 0.051994 -0.010442 -0.005700 -0.052970 0.987460 -0.148716 10.895800 0.002578 0.149059 0.988825 -1.278700 0.000000 0.000000 0.000000 1.000000
0.998349 0.057413 -0.001995 -0.005700 -0.057014 0.985963 -0.156931 10.895800 -0.007043 0.156785 0.987608 -1.278700 0.000000 0.000000 0.000000 1.000000
0.998345 0.057050 0.007280 -0.005700 -0.055175 0.985782 -0.158710 10.895800 -0.016231 0.158046 0.987298 -1.278700 0.000000 0.000000 0.000000 1.000000
0.998358 0.055709 0.013314 -0.005700 -0.052896 0.985894 -0.158789 10.895800 -0.021972 0.157824 0.987223 -1.278700 0.000000 0.000000 0.000000 1.000000
0.998343 0.055472 0.015329 -0.005700 -0.052336 0.985871 -0.159123 10.895800 -0.023940 0.158057 0.987140 -1.278700 0.000000 0.000000 0.000000 1.000000
0.998387 0.054650 0.015372 -0.005700 -0.051539 0.986054 -0.158242 10.895800 -0.023806 0.157195 0.987281 -1.278700 0.000000 0.000000 0.000000 1.000000
0.998558 0.051356 0.015608 -0.005700 -0.048327 0.986746 -0.154910 10.895800 -0.023357 0.153932 0.987805 -1.278700 0.000000 0.000000 0.000000 1.000000
0.998812 0.045790 0.016694 -0.005700 -0.042785 0.987814 -0.149640 10.895800 -0.023343 0.148748 0.988600 -1.278700 0.000000 0.000000 0.000000 1.000000
0.999012 0.040493 0.018315 -0.005700 -0.037464 0.989000 -0.143091 10.895800 -0.023908 0.142263 0.989540 -1.278700 0.000000 0.000000 0.000000 1.000000
0.999125 0.036693 0.020092 -0.005700 -0.033656 0.990292 -0.134869 10.895800 -0.024846 0.134074 0.990660 -1.278700 0.000000 0.000000 0.000000 1.000000
0.999226 0.032902 0.021547 -0.005700 -0.029970 0.991759 -0.124564 10.895800 -0.025468 0.123822 0.991978 -1.278700 0.000000 0.000000 0.000000 1.000000
0.999383 0.027454 0.021910 -0.005700 -0.024791 0.993205 -0.113709 10.895800 -0.024883 0.113096 0.993272 -1.278700 0.000000 0.000000 0.000000 1.000000
0.999551 0.021480 0.020910 -0.005700 -0.019145 0.994171 -0.106100 10.895800 -0.023067 0.105652 0.994136 -1.278700 0.000000 0.000000 0.000000 1.000000
0.999664 0.016862 0.019707 -0.005700 -0.014705 0.994374 -0.104904 10.895800 -0.021365 0.104579 0.994287 -1.278700 0.000000 0.000000 0.000000 1.000000
0.999708 0.014815 0.019083 -0.005700 -0.012642 0.993922 -0.109357 10.895800 -0.020588 0.109084 0.993819 -1.278700 0.000000 0.000000 0.000000 1.000000
0.999727 0.014047 0.018653 -0.005700 -0.011805 0.993261 -0.115299 10.895800 -0.020147 0.115047 0.993156 -1.278700 0.000000 0.000000 0.000000 1.000000
0.999796 0.009714 0.017711 -0.005700 -0.007546 0.992914 -0.118598 10.895800 -0.018737 0.118440 0.992784 -1.278700 0.000000 0.000000 0.000000 1.000000
0.999873 0.002767 0.015697 -0.005700 -0.000899 0.993038 -0.117792 10.895800 -0.015914 0.117763 0.992914 -1.278700 0.000000 0.000000 0.000000 1.000000
0.999899 -0.004824 0.013372 -0.005700 0.006321 0.993429 -0.114273 10.895800 -0.012732 0.114346 0.993359 -1.278700 0.000000 0.000000 0.000000 1.000000
0.999884 -0.009199 0.012149 -0.005700 0.010490 0.993776 -0.110906 10.895800 -0.011053 0.111021 0.993757 -1.278700 0.000000 0.000000 0.000000 1.000000
0.999894 -0.006819 0.012871 -0.005700 0.008187 0.993959 -0.109448 10.895800 -0.012047 0.109542 0.993909 -1.278700 0.000000 0.000000 0.000000 1.000000
0.999884 -0.001015 0.015173 -0.005700 0.002663 0.994042 -0.108968 10.895800 -0.014972 0.108996 0.993929 -1.278700 0.000000 0.000000 0.000000 1.000000
0.999835 0.001673 0.018063 -0.005700 0.000277 0.994215 -0.107406 10.895800 -0.018138 0.107394 0.994051 -1.278700 0.000000 0.000000 0.000000 1.000000
0.999778 -0.001578 0.020996 -0.005700 0.003757 0.994555 -0.104144 10.895800 -0.020717 0.104200 0.994341 -1.278700 0.000000 0.000000 0.000000 1.000000
0.999671 -0.008825 0.024102 -0.005700 0.011196 0.994919 -0.100059 10.895800 -0.023097 0.100295 0.994690 -1.278700 0.000000 0.000000 0.000000 1.000000
0.999507 -0.015810 0.027121 -0.005700 0.018338 0.995248 -0.095628 10.895800 -0.025480 0.096078 0.995048 -1.278700 0.000000 0.000000 0.000000 1.000000
0.999383 -0.019650 0.029109 -0.005700 0.022210 0.995659 -0.090382 10.895800 -0.027207 0.090973 0.995482 -1.278700 0.000000 0.000000 0.000000 1.000000
0.999338 -0.021750 0.029163 -0.005700 0.024138 0.996157 -0.084192 10.895800 -0.027220 0.084841 0.996023 -1.278700 0.000000 0.000000 0.000000 1.000000
0.999326 -0.024285 0.027545 -0.005700 0.026372 0.996595 -0.078119 10.895800 -0.025554 0.078793 0.996563 -1.278700 0.000000 0.000000 0.000000 1.000000
0.999299 -0.027446 0.025457 -0.005700 0.029254 0.996859 -0.073597 10.895800 -0.023357 0.074290 0.996963 -1.278700 0.000000 0.000000 0.000000 1.000000
0.999262 -0.030008 0.023978 -0.005700 0.031646 0.996964 -0.071146 10.895800 -0.021771 0.071852 0.997178 -1.278700 0.000000 0.000000 0.000000 1.000000
0.999230 -0.031459 0.023457 -0.005700 0.033032 0.997000 -0.070001 10.895800 -0.021184 0.070722 0.997271 -1.278700 0.000000 0.000000 0.000000 1.000000
0.999189 -0.032581 0.023675 -0.005700 0.034146 0.997033 -0.068988 10.895800 -0.021357 0.069741 0.997337 -1.278700 0.000000 0.000000 0.000000 1.000000
0.999129 -0.034028 0.024142 -0.005700 0.035598 0.997056 -0.067910 10.895800 -0.021760 0.068710 0.997399 -1.278700 0.000000 0.000000 0.000000 1.000000
0.999083 -0.035287 0.024269 -0.005700 0.036864 0.997009 -0.067931 10.895800 -0.021799 0.068763 0.997395 -1.278700 0.000000 0.000000 0.000000 1.000000
0.999094 -0.035305 0.023757 -0.005700 0.036895 0.996851 -0.070198 10.895800 -0.021204 0.071011 0.997250 -1.278700 0.000000 0.000000 0.000000 1.000000
0.999162 -0.033862 0.022994 -0.005700 0.035482 0.996616 -0.074151 10.895800 -0.020405 0.074905 0.996982 -1.278700 0.000000 0.000000 0.000000 1.000000
0.999236 -0.031789 0.022718 -0.005700 0.033471 0.996394 -0.077963 10.895800 -0.020158 0.078664 0.996697 -1.278700 0.000000 0.000000 0.000000 1.000000
0.999277 -0.030053 0.023280 -0.005700 0.031850 0.996198 -0.081088 10.895800 -0.020754 0.081771 0.996435 -1.278700 0.000000 0.000000 0.000000 1.000000</float_array><technique_common><accessor source="#Spine-Matrix-animation-output-transform-array" count="53" stride="16"><param type="float4x4"/></accessor></technique_common></source><source id="Spine-Interpolations"><Name_array id="Spine-Interpolations-array" count="53">
 LINEAR LINEAR LINEAR LINEAR LINEAR LINEAR LINEAR LINEAR LINEAR LINEAR LINEAR
LINEAR LINEAR LINEAR LINEAR LINEAR LINEAR LINEAR LINEAR LINEAR LINEAR LINEAR LINEAR
LINEAR LINEAR LINEAR LINEAR LINEAR LINEAR LINEAR LINEAR LINEAR LINEAR LINEAR LINEAR
LINEAR LINEAR LINEAR LINEAR LINEAR LINEAR LINEAR LINEAR LINEAR LINEAR LINEAR LINEAR
LINEAR LINEAR LINEAR LINEAR LINEAR LINEAR</Name_array><technique_common><accessor source="#Spine-Interpolations-array" count="53"><param type="name"/></accessor></technique_common></source><sampler id="Spine-Matrix-animation-transform"><input semantic="INPUT" source="#Spine-Matrix-animation-input"/><input semantic="OUTPUT" source="#Spine-Matrix-animation-output-transform"/><input semantic="INTERPOLATION" source="#Spine-Interpolations"/></sampler><channel source="#Spine-Matrix-animation-transform" target="Spine/matrix"/></animation>
    <animation id="Spine1-anim" name="Spine1"><source id="Spine1-Matrix-animation-input"><float_array id="Spine1-Matrix-animation-input-array" count="53">

0.000000 0.033333 0.066667 0.100000 0.133333 0.166667 0.200000 0.233333 0.266667 0.300000 0.333333 0.366667 0.400000 0.433333 0.466667 0.500000
0.533333 0.566667 0.600000 0.633333 0.666667 0.700000 0.733333 0.766667 0.800000 0.833333 0.866667 0.900000 0.933333 0.966667 1.000000 1.033333
1.066667 1.100000 1.133333 1.166667 1.200000 1.233333 1.266667 1.300000 1.333333 1.366667 1.400000 1.433333 1.466667 1.500000 1.533333 1.566667
1.600000 1.633333 1.666667 1.700000 1.733333</float_array><technique_common><accessor source="#Spine1-Matrix-animation-input-array" count="53"><param name="TIME" type="float"/></accessor></technique_common></source><source id="Spine1-Matrix-animation-output-transform"><float_array id="Spine1-Matrix-animation-output-transform-array" count="848">

0.998503 -0.018638 0.051418 -0.006600 0.025068 0.991536 -0.127389 12.711700 -0.048608 0.128487 0.990519 -1.491800 0.000000 0.000000 0.000000 1.000000
0.998383 -0.017288 0.054146 -0.006600 0.024314 0.990961 -0.131929 12.711700 -0.051375 0.133032 0.989779 -1.491800 0.000000 0.000000 0.000000 1.000000
0.998084 -0.017039 0.059477 -0.006600 0.025210 0.989906 -0.139466 12.711700 -0.056500 0.140698 0.988439 -1.491800 0.000000 0.000000 0.000000 1.000000
0.997542 -0.015404 0.068360 -0.006600 0.025457 0.988552 -0.148718 12.711700 -0.065287 0.150092 0.986514 -1.491800 0.000000 0.000000 0.000000 1.000000
0.996773 -0.009024 0.079757 -0.006600 0.021308 0.987756 -0.154543 12.711700 -0.077386 0.155744 0.984762 -1.491800 0.000000 0.000000 0.000000 1.000000
0.996013 0.002871 0.089167 -0.006600 0.010890 0.988095 -0.153459 12.711700 -0.088546 0.153818 0.984124 -1.491800 0.000000 0.000000 0.000000 1.000000
0.995760 0.017065 0.090395 -0.006600 -0.003496 0.988953 -0.148187 12.711700 -0.091925 0.147243 0.984819 -1.491800 0.000000 0.000000 0.000000 1.000000
0.996378 0.028991 0.079937 -0.006600 -0.017120 0.989229 -0.145372 12.711700 -0.083290 0.143477 0.986143 -1.491800 0.000000 0.000000 0.000000 1.000000
0.997575 0.035522 0.059847 -0.006600 -0.026245 0.988455 -0.149225 12.711700 -0.064457 0.147292 0.986991 -1.491800 0.000000 0.000000 0.000000 1.000000
0.998759 0.034489 0.035940 -0.006600 -0.028481 0.987345 -0.156006 12.711700 -0.040866 0.154789 0.987102 -1.491800 0.000000 0.000000 0.000000 1.000000
0.999537 0.027628 0.012784 -0.006600 -0.025223 0.986731 -0.160391 12.711700 -0.017046 0.159994 0.986971 -1.491800 0.000000 0.000000 0.000000 1.000000
0.999718 0.022295 -0.008183 -0.006600 -0.023333 0.986287 -0.163382 12.711700 0.004428 0.163527 0.986529 -1.491800 0.000000 0.000000 0.000000 1.000000
0.999319 0.026566 -0.025602 -0.006600 -0.030572 0.984698 -0.171564 12.711700 0.020652 0.172230 0.984840 -1.491800 0.000000 0.000000 0.000000 1.000000
0.998563 0.040476 -0.035130 -0.006600 -0.046378 0.981092 -0.187902 12.711700 0.026861 0.189261 0.981559 -1.491800 0.000000 0.000000 0.000000 1.000000
0.997945 0.055476 -0.032057 -0.006600 -0.060927 0.976477 -0.206837 12.711700 0.019828 0.208365 0.977850 -1.491800 0.000000 0.000000 0.000000 1.000000
0.997814 0.063713 -0.017530 -0.006600 -0.066012 0.973174 -0.220396 12.711700 0.003018 0.221071 0.975253 -1.491800 0.000000 0.000000 0.000000 1.000000
0.997879 0.065098 0.000135 -0.006600 -0.063377 0.971972 -0.226393 12.711700 -0.014869 0.225904 0.974036 -1.491800 0.000000 0.000000 0.000000 1.000000
0.997836 0.064595 0.012304 -0.006600 -0.060094 0.971759 -0.228197 12.711700 -0.026697 0.226964 0.973537 -1.491800 0.000000 0.000000 0.000000 1.000000
0.997713 0.065369 0.017172 -0.006600 -0.059729 0.971681 -0.228624 12.711700 -0.031631 0.227076 0.973363 -1.491800 0.000000 0.000000 0.000000 1.000000
0.997600 0.066548 0.019137 -0.006600 -0.060470 0.971905 -0.227475 12.711700 -0.033737 0.225771 0.973596 -1.491800 0.000000 0.000000 0.000000 1.000000
0.997538 0.066334 0.022745 -0.006600 -0.059576 0.972749 -0.224076 12.711700 -0.036989 0.222169 0.974306 -1.491800 0.000000 0.000000 0.000000 1.000000
0.997456 0.065159 0.028923 -0.006600 -0.057287 0.974081 -0.218824 12.711700 -0.042432 0.216610 0.975336 -1.491800 0.000000 0.000000 0.000000 1.000000
0.997220 0.065226 0.036032 -0.006600 -0.056162 0.975683 -0.211870 12.711700 -0.048975 0.209257 0.976633 -1.491800 0.000000 0.000000 0.000000 1.000000
0.996836 0.067315 0.042259 -0.006600 -0.057438 0.977621 -0.202381 12.711700 -0.054936 0.199314 0.978395 -1.491800 0.000000 0.000000 0.000000 1.000000
0.996555 0.068751 0.046388 -0.006600 -0.058764 0.980015 -0.190045 12.711700 -0.058527 0.186664 0.980679 -1.491800 0.000000 0.000000 0.000000 1.000000
0.996689 0.065864 0.047671 -0.006600 -0.056472 0.982606 -0.176908 12.711700 -0.058493 0.173630 0.983072 -1.491800 0.000000 0.000000 0.000000 1.000000
0.997206 0.058713 0.046188 -0.006600 -0.050232 0.984650 -0.167153 12.711700 -0.055293 0.164366 0.984848 -1.491800 0.000000 0.000000 0.000000 1.000000
0.997739 0.051438 0.043257 -0.006600 -0.043689 0.985468 -0.164145 12.711700 -0.051072 0.161884 0.985487 -1.491800 0.000000 0.000000 0.000000 1.000000
0.998065 0.047019 0.040697 -0.006600 -0.039585 0.985106 -0.167332 12.711700 -0.047959 0.165397 0.985060 -1.491800 0.000000 0.000000 0.000000 1.000000
0.998297 0.043170 0.039229 -0.006600 -0.035790 0.984365 -0.172464 12.711700 -0.046060 0.170766 0.984234 -1.491800 0.000000 0.000000 0.000000 1.000000
0.998694 0.034455 0.037737 -0.006600 -0.027358 0.984255 -0.174625 12.711700 -0.043160 0.173364 0.983912 -1.491800 0.000000 0.000000 0.000000 1.000000
0.999224 0.018744 0.034630 -0.006600 -0.012538 0.985116 -0.171435 12.711700 -0.037328 0.170868 0.984587 -1.491800 0.000000 0.000000 0.000000 1.000000
0.999545 0.001275 0.030139 -0.006600 0.003707 0.986345 -0.164649 12.711700 -0.029937 0.164686 0.985892 -1.491800 0.000000 0.000000 0.000000 1.000000
0.999601 -0.008852 0.026831 -0.006600 0.013004 0.987232 -0.158758 12.711700 -0.025083 0.159043 0.986953 -1.491800 0.000000 0.000000 0.000000 1.000000
0.999604 -0.006942 0.027281 -0.006600 0.011136 0.987578 -0.156734 12.711700 -0.025854 0.156975 0.987264 -1.491800 0.000000 0.000000 0.000000 1.000000
0.999496 0.002889 0.031617 -0.006600 0.002116 0.987575 -0.157133 12.711700 -0.031678 0.157120 0.987071 -1.491800 0.000000 0.000000 0.000000 1.000000
0.999208 0.011616 0.038054 -0.006600 -0.005524 0.987673 -0.156435 12.711700 -0.039402 0.156101 0.986955 -1.491800 0.000000 0.000000 0.000000 1.000000
0.998887 0.013225 0.045279 -0.006600 -0.006126 0.988135 -0.153466 12.711700 -0.046771 0.153017 0.987116 -1.491800 0.000000 0.000000 0.000000 1.000000
0.998553 0.008887 0.053029 -0.006600 -0.000847 0.988725 -0.149740 12.711700 -0.053762 0.149478 0.987302 -1.491800 0.000000 0.000000 0.000000 1.000000
0.998164 0.004042 0.060438 -0.006600 0.004845 0.989246 -0.146178 12.711700 -0.060379 0.146202 0.987410 -1.491800 0.000000 0.000000 0.000000 1.000000
0.997861 0.002316 0.065330 -0.006600 0.006991 0.989860 -0.141874 12.711700 -0.064996 0.142027 0.987727 -1.491800 0.000000 0.000000 0.000000 1.000000
0.997815 0.002727 0.066013 -0.006600 0.006304 0.990659 -0.136218 12.711700 -0.065767 0.136337 0.988477 -1.491800 0.000000 0.000000 0.000000 1.000000
0.998003 0.002226 0.063120 -0.006600 0.006031 0.991454 -0.130314 12.711700 -0.062871 0.130434 0.989462 -1.491800 0.000000 0.000000 0.000000 1.000000
0.998255 -0.000508 0.059043 -0.006600 0.007942 0.992033 -0.125728 12.711700 -0.058509 0.125977 0.990306 -1.491800 0.000000 0.000000 0.000000 1.000000
0.998427 -0.004451 0.055893 -0.006600 0.011295 0.992374 -0.122746 12.711700 -0.054921 0.123184 0.990863 -1.491800 0.000000 0.000000 0.000000 1.000000
0.998481 -0.008420 0.054454 -0.006600 0.014928 0.992632 -0.120245 12.711700 -0.053041 0.120875 0.991250 -1.491800 0.000000 0.000000 0.000000 1.000000
0.998435 -0.012491 0.054516 -0.006600 0.018813 0.992949 -0.117038 12.711700 -0.052670 0.117881 0.991630 -1.491800 0.000000 0.000000 0.000000 1.000000
0.998329 -0.017044 0.055207 -0.006600 0.023230 0.993275 -0.113424 12.711700 -0.052903 0.114517 0.992012 -1.491800 0.000000 0.000000 0.000000 1.000000
0.998248 -0.021318 0.055202 -0.006600 0.027379 0.993390 -0.111473 12.711700 -0.052460 0.112789 0.992233 -1.491800 0.000000 0.000000 0.000000 1.000000
0.998274 -0.023712 0.053736 -0.006600 0.029683 0.993129 -0.113198 12.711700 -0.050683 0.114598 0.992118 -1.491800 0.000000 0.000000 0.000000 1.000000
0.998391 -0.023404 0.051648 -0.006600 0.029377 0.992568 -0.118095 12.711700 -0.048501 0.119422 0.991658 -1.491800 0.000000 0.000000 0.000000 1.000000
0.998495 -0.021157 0.050606 -0.006600 0.027271 0.991987 -0.123363 12.711700 -0.047591 0.124558 0.991070 -1.491800 0.000000 0.000000 0.000000 1.000000
0.998503 -0.018638 0.051418 -0.006600 0.025068 0.991536 -0.127389 12.711700 -0.048608 0.128487 0.990519 -1.491800 0.000000 0.000000 0.000000 1.000000</float_array><technique_common><accessor source="#Spine1-Matrix-animation-output-transform-array" count="53" stride="16"><param type="float4x4"/></accessor></technique_common></source><source id="Spine1-Interpolations"><Name_array id="Spine1-Interpolations-array" count="53">
 LINEAR LINEAR LINEAR LINEAR LINEAR LINEAR LINEAR LINEAR LINEAR LINEAR LINEAR
LINEAR LINEAR LINEAR LINEAR LINEAR LINEAR LINEAR LINEAR LINEAR LINEAR LINEAR LINEAR
LINEAR LINEAR LINEAR LINEAR LINEAR LINEAR LINEAR LINEAR LINEAR LINEAR LINEAR LINEAR
LINEAR LINEAR LINEAR LINEAR LINEAR LINEAR LINEAR LINEAR LINEAR LINEAR LINEAR LINEAR
LINEAR LINEAR LINEAR LINEAR LINEAR LINEAR</Name_array><technique_common><accessor source="#Spine1-Interpolations-array" count="53"><param type="name"/></accessor></technique_common></source><sampler id="Spine1-Matrix-animation-transform"><input semantic="INPUT" source="#Spine1-Matrix-animation-input"/><input semantic="OUTPUT" source="#Spine1-Matrix-animation-output-transform"/><input semantic="INTERPOLATION" source="#Spine1-Interpolations"/></sampler><channel source="#Spine1-Matrix-animation-transform" target="Spine1/matrix"/></animation>
    <animation id="Spine2-anim" name="Spine2"><source id="Spine2-Matrix-animation-input"><float_array id="Spine2-Matrix-animation-input-array" count="53">

0.000000 0.033333 0.066667 0.100000 0.133333 0.166667 0.200000 0.233333 0.266667 0.300000 0.333333 0.366667 0.400000 0.433333 0.466667 0.500000
0.533333 0.566667 0.600000 0.633333 0.666667 0.700000 0.733333 0.766667 0.800000 0.833333 0.866667 0.900000 0.933333 0.966667 1.000000 1.033333
1.066667 1.100000 1.133333 1.166667 1.200000 1.233333 1.266667 1.300000 1.333333 1.366667 1.400000 1.433333 1.466667 1.500000 1.533333 1.566667
1.600000 1.633333 1.666667 1.700000 1.733333</float_array><technique_common><accessor source="#Spine2-Matrix-animation-input-array" count="53"><param name="TIME" type="float"/></accessor></technique_common></source><source id="Spine2-Matrix-animation-output-transform"><float_array id="Spine2-Matrix-animation-output-transform-array" count="848">

0.998349 -0.019244 0.054114 -0.007600 0.025958 0.991660 -0.126243 14.527700 -0.051233 0.127439 0.990522 -1.704900 0.000000 0.000000 0.000000 1.000000
0.998219 -0.018041 0.056858 -0.007600 0.025359 0.991093 -0.130734 14.527700 -0.053993 0.131943 0.989786 -1.704900 0.000000 0.000000 0.000000 1.000000
0.997904 -0.018151 0.062120 -0.007600 0.026609 0.990050 -0.138174 14.527700 -0.058994 0.139538 0.988458 -1.704900 0.000000 0.000000 0.000000 1.000000
0.997348 -0.017169 0.070727 -0.007600 0.027469 0.988704 -0.147343 14.527700 -0.067399 0.148895 0.986554 -1.704900 0.000000 0.000000 0.000000 1.000000
0.996595 -0.011627 0.081623 -0.007600 0.024076 0.987896 -0.153241 14.527700 -0.078854 0.154684 0.984812 -1.704900 0.000000 0.000000 0.000000 1.000000
0.995906 -0.000441 0.090396 -0.007600 0.014282 0.988195 -0.152534 14.527700 -0.089262 0.153201 0.984155 -1.704900 0.000000 0.000000 0.000000 1.000000
0.995772 0.013513 0.090861 -0.007600 0.000077 0.988997 -0.147936 14.527700 -0.091860 0.147317 0.984814 -1.704900 0.000000 0.000000 0.000000 1.000000
0.996510 0.025784 0.079392 -0.007600 -0.013976 0.989209 -0.145841 14.527700 -0.082295 0.144222 0.986117 -1.704900 0.000000 0.000000 0.000000 1.000000
0.997768 0.033103 0.057986 -0.007600 -0.024070 0.988381 -0.150079 14.527700 -0.062280 0.148348 0.986972 -1.704900 0.000000 0.000000 0.000000 1.000000
0.998906 0.032988 0.033131 -0.007600 -0.027404 0.987258 -0.156750 14.527700 -0.037880 0.155671 0.987082 -1.704900 0.000000 0.000000 0.000000 1.000000
0.999587 0.026951 0.010009 -0.007600 -0.024994 0.986683 -0.160724 14.527700 -0.014207 0.160407 0.986949 -1.704900 0.000000 0.000000 0.000000 1.000000
0.999698 0.022310 -0.010318 -0.007600 -0.023696 0.986295 -0.163283 14.527700 0.006534 0.163478 0.986525 -1.704900 0.000000 0.000000 0.000000 1.000000
0.999252 0.027162 -0.027536 -0.007600 -0.031483 0.984753 -0.171088 14.527700 0.022469 0.171827 0.984871 -1.704900 0.000000 0.000000 0.000000 1.000000
0.998430 0.041404 -0.037713 -0.007600 -0.047757 0.981175 -0.187123 14.527700 0.029256 0.188630 0.981612 -1.704900 0.000000 0.000000 0.000000 1.000000
0.997784 0.056236 -0.035547 -0.007600 -0.062379 0.976559 -0.206015 14.527700 0.023128 0.207776 0.977903 -1.704900 0.000000 0.000000 0.000000 1.000000
0.997731 0.063802 -0.021504 -0.007600 -0.066975 0.973220 -0.219904 14.527700 0.006898 0.220845 0.975284 -1.704900 0.000000 0.000000 0.000000 1.000000
0.997918 0.064382 -0.003842 -0.007600 -0.063579 0.971957 -0.226400 14.527700 -0.010842 0.226173 0.974027 -1.704900 0.000000 0.000000 0.000000 1.000000
0.997956 0.063332 0.008503 -0.007600 -0.059718 0.971696 -0.228562 14.527700 -0.022737 0.227587 0.973492 -1.704900 0.000000 0.000000 0.000000 1.000000
0.997863 0.063908 0.013640 -0.007600 -0.059094 0.971603 -0.229118 14.527700 -0.027895 0.227823 0.973303 -1.704900 0.000000 0.000000 0.000000 1.000000
0.997749 0.065076 0.016167 -0.007600 -0.059692 0.971834 -0.227981 14.527700 -0.030548 0.226503 0.973531 -1.704900 0.000000 0.000000 0.000000 1.000000
0.997677 0.064871 0.020799 -0.007600 -0.058565 0.972697 -0.224568 14.527700 -0.034799 0.222828 0.974236 -1.704900 0.000000 0.000000 0.000000 1.000000
0.997567 0.063679 0.028375 -0.007600 -0.055942 0.974061 -0.219260 14.527700 -0.041601 0.217139 0.975254 -1.704900 0.000000 0.000000 0.000000 1.000000
0.997284 0.063739 0.036913 -0.007600 -0.054507 0.975710 -0.212176 14.527700 -0.049540 0.209588 0.976534 -1.704900 0.000000 0.000000 0.000000 1.000000
0.996848 0.065874 0.044221 -0.007600 -0.055626 0.977700 -0.202505 14.527700 -0.056575 0.199407 0.978282 -1.704900 0.000000 0.000000 0.000000 1.000000
0.996521 0.067447 0.048959 -0.007600 -0.057005 0.980134 -0.189966 14.527700 -0.060799 0.186514 0.980569 -1.704900 0.000000 0.000000 0.000000 1.000000
0.996620 0.064778 0.050518 -0.007600 -0.054923 0.982744 -0.176631 14.527700 -0.061088 0.173259 0.982980 -1.704900 0.000000 0.000000 0.000000 1.000000
0.997119 0.057826 0.049092 -0.007600 -0.048902 0.984786 -0.166748 14.527700 -0.057988 0.163867 0.984777 -1.704900 0.000000 0.000000 0.000000 1.000000
0.997660 0.050609 0.045977 -0.007600 -0.042450 0.985588 -0.163749 14.527700 -0.053601 0.161414 0.985430 -1.704900 0.000000 0.000000 0.000000 1.000000
0.998009 0.046094 0.043043 -0.007600 -0.038298 0.985204 -0.167052 14.527700 -0.050106 0.165071 0.985008 -1.704900 0.000000 0.000000 0.000000 1.000000
0.998262 0.042114 0.041223 -0.007600 -0.034416 0.984446 -0.172284 14.527700 -0.047837 0.170566 0.984184 -1.704900 0.000000 0.000000 0.000000 1.000000
0.998659 0.033370 0.039590 -0.007600 -0.025976 0.984325 -0.174438 14.527700 -0.044791 0.173176 0.983872 -1.704900 0.000000 0.000000 0.000000 1.000000
0.999176 0.017782 0.036492 -0.007600 -0.011282 0.985179 -0.171159 14.527700 -0.038995 0.170606 0.984567 -1.704900 0.000000 0.000000 0.000000 1.000000
0.999490 0.000510 0.031925 -0.007600 0.004745 0.986399 -0.164298 14.527700 -0.031575 0.164365 0.985894 -1.704900 0.000000 0.000000 0.000000 1.000000
0.999553 -0.009486 0.028346 -0.007600 0.013861 0.987277 -0.158404 14.527700 -0.026482 0.158726 0.986967 -1.704900 0.000000 0.000000 0.000000 1.000000
0.999565 -0.007592 0.028492 -0.007600 0.011960 0.987617 -0.156426 14.527700 -0.026951 0.156698 0.987279 -1.704900 0.000000 0.000000 0.000000 1.000000
0.999461 0.002110 0.032764 -0.007600 0.003056 0.987617 -0.156852 14.527700 -0.032689 0.156867 0.987079 -1.704900 0.000000 0.000000 0.000000 1.000000
0.999162 0.010695 0.039514 -0.007600 -0.004399 0.987733 -0.156092 14.527700 -0.040699 0.155787 0.986952 -1.704900 0.000000 0.000000 0.000000 1.000000
0.998804 0.012208 0.047347 -0.007600 -0.004829 0.988226 -0.152926 14.527700 -0.048656 0.152515 0.987103 -1.704900 0.000000 0.000000 0.000000 1.000000
0.998413 0.007820 0.055774 -0.007600 0.000572 0.988853 -0.148895 14.527700 -0.056316 0.148691 0.987279 -1.704900 0.000000 0.000000 0.000000 1.000000
0.997964 0.002974 0.063712 -0.007600 0.006310 0.989409 -0.145016 14.527700 -0.063469 0.145123 0.987376 -1.704900 0.000000 0.000000 0.000000 1.000000
0.997621 0.001320 0.068922 -0.007600 0.008395 0.990047 -0.140487 14.527700 -0.068421 0.140732 0.987681 -1.704900 0.000000 0.000000 0.000000 1.000000
0.997561 0.001891 0.069769 -0.007600 0.007545 0.990853 -0.134735 14.527700 -0.069386 0.134932 0.988422 -1.704900 0.000000 0.000000 0.000000 1.000000
0.997755 0.001586 0.066955 -0.007600 0.007069 0.991641 -0.128831 14.527700 -0.066600 0.129015 0.989404 -1.704900 0.000000 0.000000 0.000000 1.000000
0.998022 -0.000990 0.062865 -0.007600 0.008814 0.992206 -0.124296 14.527700 -0.062252 0.124605 0.990252 -1.704900 0.000000 0.000000 0.000000 1.000000
0.998212 -0.004859 0.059583 -0.007600 0.012077 0.992532 -0.121384 14.527700 -0.058548 0.121887 0.990816 -1.704900 0.000000 0.000000 0.000000 1.000000
0.998282 -0.008829 0.057930 -0.007600 0.015682 0.992777 -0.118942 14.527700 -0.056461 0.119646 0.991210 -1.704900 0.000000 0.000000 0.000000 1.000000
0.998245 -0.012937 0.057782 -0.007600 0.019570 0.993085 -0.115756 14.527700 -0.055885 0.116684 0.991596 -1.704900 0.000000 0.000000 0.000000 1.000000
0.998144 -0.017532 0.058323 -0.007600 0.024000 0.993404 -0.112130 14.527700 -0.055972 0.113322 0.991981 -1.704900 0.000000 0.000000 0.000000 1.000000
0.998066 -0.021837 0.058205 -0.007600 0.028162 0.993513 -0.110173 14.527700 -0.055421 0.111599 0.992207 -1.704900 0.000000 0.000000 0.000000 1.000000
0.998101 -0.024243 0.056626 -0.007600 0.030476 0.993248 -0.111934 14.527700 -0.053530 0.113447 0.992101 -1.704900 0.000000 0.000000 0.000000 1.000000
0.998231 -0.023940 0.054427 -0.007600 0.030181 0.992686 -0.116895 14.527700 -0.051230 0.118331 0.991652 -1.704900 0.000000 0.000000 0.000000 1.000000
0.998342 -0.021710 0.053313 -0.007600 0.028101 0.992106 -0.122213 14.527700 -0.050239 0.123508 0.991071 -1.704900 0.000000 0.000000 0.000000 1.000000
0.998349 -0.019244 0.054114 -0.007600 0.025957 0.991660 -0.126243 14.527700 -0.051233 0.127439 0.990522 -1.704900 0.000000 0.000000 0.000000 1.000000</float_array><technique_common><accessor source="#Spine2-Matrix-animation-output-transform-array" count="53" stride="16"><param type="float4x4"/></accessor></technique_common></source><source id="Spine2-Interpolations"><Name_array id="Spine2-Interpolations-array" count="53">
 LINEAR LINEAR LINEAR LINEAR LINEAR LINEAR LINEAR LINEAR LINEAR LINEAR LINEAR
LINEAR LINEAR LINEAR LINEAR LINEAR LINEAR LINEAR LINEAR LINEAR LINEAR LINEAR LINEAR
LINEAR LINEAR LINEAR LINEAR LINEAR LINEAR LINEAR LINEAR LINEAR LINEAR LINEAR LINEAR
LINEAR LINEAR LINEAR LINEAR LINEAR LINEAR LINEAR LINEAR LINEAR LINEAR LINEAR LINEAR
