<?xml version="1.0" encoding="utf-8"?>
<COLLADA xmlns="http://www.collada.org/2005/11/COLLADASchema" version="1.4.1">
  <asset><contributor><author>Mixamo</author><authoring_tool>COLLADA Mixamo exporter</authoring_tool><comments></comments></contributor><created>2021-04-07T03:28:56Z</created><modified>2021-04-07T03:28:56Z</modified><revision></revision><title></title><unit meter="0.010000"/><up_axis>Y_UP</up_axis></asset>
  <library_animations>
    <animation id="Hips-anim" name="Hips"><source id="Hips-Matrix-animation-input"><float_array id="Hips-Matrix-animation-input-array" count="72">

0.000000 0.033333 0.066667 0.100000 0.133333 0.166667 0.200000 0.233333 0.266667 0.300000 0.333333 0.366667 0.400000 0.433333 0.466667 0.500000
0.533333 0.566667 0.600000 0.633333 0.666667 0.700000 0.733333 0.766667 0.800000 0.833333 0.866667 0.900000 0.933333 0.966667 1.000000 1.033333
1.066667 1.100000 1.133333 1.166667 1.200000 1.233333 1.266667 1.300000 1.333333 1.366667 1.400000 1.433333 1.466667 1.500000 1.533333 1.566667
1.600000 1.633333 1.666667 1.700000 1.733333 1.766667 1.800000 1.833333 1.866667 1.900000 1.933333 1.966667 2.000000 2.033333 2.066667 2.100000
2.133333 2.166667 2.200000 2.233333 2.266667 2.300000 2.333333 2.366667</float_array><technique_common><accessor source="#Hips-Matrix-animation-input-array" count="72"><param name="TIME" type="float"/></accessor></technique_common></source><source id="Hips-Matrix-animation-output-transform"><float_array id="Hips-Matrix-animation-output-transform-array" count="1152">

0.959393 0.034559 0.279948 0.959156 -0.014183 0.997121 -0.074488 111.041794 -0.281716 0.067493 0.957121 1.528312 0.000000 0.000000 0.000000 1.000000
0.940596 0.079058 0.330195 1.388578 -0.049844 0.994129 -0.096035 111.005516 -0.335849 0.073872 0.939014 1.697959 0.000000 0.000000 0.000000 1.000000
0.929126 0.120245 0.349667 1.649866 -0.084370 0.989643 -0.116136 110.782532 -0.360010 0.078403 0.929648 1.862098 0.000000 0.000000 0.000000 1.000000
0.929710 0.153363 0.334843 1.798617 -0.115285 0.984670 -0.130898 110.252441 -0.349784 0.083095 0.933138 2.062093 0.000000 0.000000 0.000000 1.000000
0.941412 0.175540 0.287974 1.991256 -0.140223 0.980292 -0.139156 110.003609 -0.306727 0.090623 0.947474 2.309618 0.000000 0.000000 0.000000 1.000000
0.956242 0.192981 0.219906 2.524077 -0.164853 0.976339 -0.139951 109.785240 -0.241711 0.097575 0.965430 2.597403 0.000000 0.000000 0.000000 1.000000
0.972787 0.195635 0.124149 3.317705 -0.179502 0.975119 -0.130085 109.567360 -0.146509 0.104260 0.983700 2.891388 0.000000 0.000000 0.000000 1.000000
0.981641 0.188389 0.029858 4.239439 -0.183779 0.976059 -0.116339 109.206978 -0.051060 0.108716 0.992761 3.147399 0.000000 0.000000 0.000000 1.000000
0.985045 0.164689 -0.050631 5.481793 -0.168946 0.980915 -0.096243 108.865479 0.033815 0.103357 0.994069 3.276755 0.000000 0.000000 0.000000 1.000000
0.986452 0.117508 -0.114475 7.221224 -0.126655 0.989017 -0.076188 108.415535 0.104265 0.089655 0.990500 3.398982 0.000000 0.000000 0.000000 1.000000
0.987596 0.047360 -0.149702 9.290764 -0.057514 0.996275 -0.064244 107.474777 0.146102 0.072057 0.986642 3.436909 0.000000 0.000000 0.000000 1.000000
0.987590 -0.034305 -0.153263 11.497762 0.025695 0.997997 -0.057810 106.531525 0.154939 0.053154 0.986493 3.404826 0.000000 0.000000 0.000000 1.000000
0.984727 -0.110993 -0.134141 13.605572 0.104979 0.993159 -0.051131 105.852829 0.138899 0.036268 0.989642 3.437203 0.000000 0.000000 0.000000 1.000000
0.979418 -0.174753 -0.101003 15.298973 0.170956 0.984243 -0.045165 105.410095 0.107305 0.026969 0.993860 3.600100 0.000000 0.000000 0.000000 1.000000
0.973098 -0.225185 -0.048698 16.434843 0.223605 0.974021 -0.035828 105.140701 0.055501 0.023975 0.998171 3.774151 0.000000 0.000000 0.000000 1.000000
0.963581 -0.265975 0.027717 17.007975 0.266447 0.963734 -0.014924 105.008125 -0.022742 0.021766 0.999504 3.859517 0.000000 0.000000 0.000000 1.000000
0.948306 -0.295641 0.115381 16.990555 0.295914 0.955094 0.015152 104.872086 -0.114679 0.019774 0.993206 3.857229 0.000000 0.000000 0.000000 1.000000
0.928468 -0.309862 0.204773 16.481155 0.307222 0.950555 0.045391 104.694427 -0.208713 0.020766 0.977756 3.777144 0.000000 0.000000 0.000000 1.000000
0.902870 -0.306487 0.301481 15.656924 0.299428 0.951505 0.070580 104.442955 -0.308493 0.026547 0.950856 3.551943 0.000000 0.000000 0.000000 1.000000
0.871507 -0.282114 0.401107 14.606533 0.270548 0.958809 0.086533 104.175049 -0.408998 0.033105 0.911935 3.225401 0.000000 0.000000 0.000000 1.000000
0.841204 -0.237788 0.485625 13.345901 0.222940 0.970747 0.089152 103.924606 -0.492619 0.033270 0.869609 2.921581 0.000000 0.000000 0.000000 1.000000
0.821282 -0.179497 0.541549 11.844445 0.166966 0.983279 0.072698 103.809982 -0.545543 0.030715 0.837520 2.659605 0.000000 0.000000 0.000000 1.000000
0.816656 -0.104209 0.567639 10.099506 0.104149 0.994026 0.032648 103.966728 -0.567650 0.032456 0.822630 2.445642 0.000000 0.000000 0.000000 1.000000
0.820597 -0.012360 0.571374 8.167992 0.029831 0.999330 -0.021225 104.468636 -0.570728 0.034462 0.820416 2.347600 0.000000 0.000000 0.000000 1.000000
0.821991 0.076909 0.564283 6.196763 -0.046388 0.996589 -0.068256 105.395248 -0.567608 0.029930 0.822755 2.304522 0.000000 0.000000 0.000000 1.000000
0.820387 0.140639 0.554243 4.311911 -0.106332 0.989897 -0.093794 106.488556 -0.561835 0.018013 0.827053 2.164520 0.000000 0.000000 0.000000 1.000000
0.827041 0.176416 0.533742 2.640416 -0.143720 0.984282 -0.102636 107.452103 -0.543459 0.008174 0.839396 1.983843 0.000000 0.000000 0.000000 1.000000
0.852731 0.192686 0.485512 1.211833 -0.162146 0.981204 -0.104626 108.107109 -0.496547 0.010494 0.867947 1.889859 0.000000 0.000000 0.000000 1.000000
0.894026 0.195691 0.403017 0.077010 -0.169740 0.980450 -0.099533 108.426353 -0.414616 0.020577 0.909764 1.844070 0.000000 0.000000 0.000000 1.000000
0.935447 0.193488 0.295807 -0.658640 -0.175137 0.980640 -0.087595 108.847473 -0.307029 0.030134 0.951223 1.860287 0.000000 0.000000 0.000000 1.000000
0.966133 0.188394 0.176335 -1.084387 -0.178673 0.981442 -0.069619 109.294464 -0.186179 0.035755 0.981865 1.972598 0.000000 0.000000 0.000000 1.000000
0.983384 0.173741 0.052630 -1.444699 -0.171940 0.984411 -0.037039 109.736290 -0.058245 0.027374 0.997927 2.191557 0.000000 0.000000 0.000000 1.000000
0.985937 0.153565 -0.065924 -1.834503 -0.154052 0.988060 -0.002336 110.099586 0.064778 0.012459 0.997822 2.363618 0.000000 0.000000 0.000000 1.000000
0.975721 0.133728 -0.173453 -2.194781 -0.133609 0.990956 0.012421 110.282188 0.173545 0.011055 0.984764 2.420866 0.000000 0.000000 0.000000 1.000000
0.957109 0.108224 -0.268756 -2.588610 -0.108858 0.993978 0.012588 110.340607 0.268500 0.017209 0.963126 2.439690 0.000000 0.000000 0.000000 1.000000
0.934981 0.070318 -0.347659 -3.003127 -0.073553 0.997284 0.003900 110.018539 0.346989 0.021925 0.937613 2.353019 0.000000 0.000000 0.000000 1.000000
0.915791 0.023379 -0.400974 -3.294665 -0.032351 0.999355 -0.015619 109.743713 0.400350 0.027275 0.915956 2.079637 0.000000 0.000000 0.000000 1.000000
0.905390 -0.020386 -0.424091 -3.284167 0.005357 0.999316 -0.036600 109.707596 0.424547 0.030865 0.904880 1.657731 0.000000 0.000000 0.000000 1.000000
0.909014 -0.056239 -0.412955 -3.050850 0.040068 0.998057 -0.047721 109.641586 0.414836 0.026833 0.909501 1.126771 0.000000 0.000000 0.000000 1.000000
0.927195 -0.087387 -0.364243 -2.916394 0.074770 0.996014 -0.048629 109.523071 0.367041 0.017855 0.930034 0.492770 0.000000 0.000000 0.000000 1.000000
0.951746 -0.113563 -0.285103 -3.069298 0.105144 0.993451 -0.044719 109.370308 0.288314 0.012584 0.957453 -0.103305 0.000000 0.000000 0.000000 1.000000
0.973884 -0.127616 -0.187789 -3.471889 0.122663 0.991728 -0.037814 109.119781 0.191061 0.013792 0.981481 -0.491605 0.000000 0.000000 0.000000 1.000000
0.988234 -0.126509 -0.085959 -4.150119 0.124451 0.991804 -0.028916 108.672043 0.088913 0.017878 0.995879 -0.626566 0.000000 0.000000 0.000000 1.000000
0.993420 -0.113937 0.011592 -5.163205 0.114197 0.993143 -0.025006 108.127831 -0.008664 0.026165 0.999620 -0.527660 0.000000 0.000000 0.000000 1.000000
0.990913 -0.090235 0.099742 -6.447663 0.093683 0.995137 -0.030436 107.642136 -0.096510 0.039504 0.994548 -0.237357 0.000000 0.000000 0.000000 1.000000
0.984549 -0.051494 0.167367 -7.864222 0.059433 0.997315 -0.042774 107.274666 -0.164715 0.052060 0.984966 0.150543 0.000000 0.000000 0.000000 1.000000
0.980192 0.002567 0.198032 -9.333563 0.009478 0.998162 -0.059852 106.952713 -0.197821 0.060543 0.978367 0.486524 0.000000 0.000000 0.000000 1.000000
0.981044 0.065114 0.182516 -10.843673 -0.051327 0.995530 -0.079276 106.682053 -0.186862 0.068405 0.980002 0.708723 0.000000 0.000000 0.000000 1.000000
0.983580 0.126242 0.128968 -12.305820 -0.114489 0.988888 -0.094827 106.595505 -0.139506 0.078505 0.987104 0.865440 0.000000 0.000000 0.000000 1.000000
0.981758 0.180483 0.059813 -13.599548 -0.173985 0.979632 -0.100247 106.720032 -0.076688 0.088012 0.993163 1.017382 0.000000 0.000000 0.000000 1.000000
0.974321 0.225058 -0.006848 -14.682049 -0.224674 0.969752 -0.095410 106.812019 -0.014832 0.094499 0.995415 1.186428 0.000000 0.000000 0.000000 1.000000
0.963817 0.256184 -0.073670 -15.556462 -0.261928 0.961492 -0.083226 106.549164 0.049512 0.099511 0.993804 1.310962 0.000000 0.000000 0.000000 1.000000
0.950528 0.272718 -0.148730 -16.060928 -0.284520 0.956499 -0.064477 106.331589 0.124676 0.103604 0.986774 1.405577 0.000000 0.000000 0.000000 1.000000
0.931620 0.277558 -0.234620 -16.144226 -0.294624 0.954759 -0.040393 106.184372 0.212794 0.106756 0.971248 1.470248 0.000000 0.000000 0.000000 1.000000
0.902936 0.273625 -0.331414 -15.800725 -0.294697 0.955488 -0.014021 106.049103 0.312825 0.110327 0.943381 1.529242 0.000000 0.000000 0.000000 1.000000
0.864780 0.256337 -0.431795 -15.047491 -0.279929 0.959976 0.009264 105.906784 0.416887 0.112860 0.901924 1.623262 0.000000 0.000000 0.000000 1.000000
0.822707 0.224466 -0.522272 -13.905396 -0.247705 0.968485 0.026048 105.783478 0.511659 0.107939 0.852381 1.742378 0.000000 0.000000 0.000000 1.000000
0.781539 0.184251 -0.596027 -12.447059 -0.204979 0.978189 0.033612 105.678772 0.589220 0.095904 0.802260 1.812237 0.000000 0.000000 0.000000 1.000000
0.748170 0.138425 -0.648907 -10.754495 -0.157853 0.987050 0.028559 105.630150 0.644456 0.081065 0.760332 1.783226 0.000000 0.000000 0.000000 1.000000
0.732766 0.083624 -0.675323 -9.004023 -0.103603 0.994561 0.010738 105.579506 0.672547 0.062097 0.737444 1.672513 0.000000 0.000000 0.000000 1.000000
0.736855 0.023044 -0.675658 -7.175673 -0.044932 0.998878 -0.014934 105.759308 0.674556 0.041363 0.737064 1.471742 0.000000 0.000000 0.000000 1.000000
0.755886 -0.033581 -0.653841 -5.399456 0.009123 0.999127 -0.040768 106.266106 0.654640 0.024851 0.755533 1.251428 0.000000 0.000000 0.000000 1.000000
0.787019 -0.077491 -0.612042 -3.832505 0.051603 0.996872 -0.059859 106.937149 0.614767 0.015527 0.788556 1.043566 0.000000 0.000000 0.000000 1.000000
0.828522 -0.105980 -0.549836 -2.615292 0.081409 0.994291 -0.068977 107.627426 0.554007 0.012387 0.832420 0.817124 0.000000 0.000000 0.000000 1.000000
0.876622 -0.120070 -0.465959 -1.813497 0.099494 0.992670 -0.068615 108.338303 0.470781 0.013789 0.882142 0.615378 0.000000 0.000000 0.000000 1.000000
0.924560 -0.124155 -0.360241 -1.331780 0.109439 0.992117 -0.061053 109.168884 0.364981 0.017023 0.930859 0.504061 0.000000 0.000000 0.000000 1.000000
0.963319 -0.121433 -0.239312 -1.025616 0.111886 0.992299 -0.053134 110.011406 0.243921 0.024409 0.969488 0.482569 0.000000 0.000000 0.000000 1.000000
0.987170 -0.110800 -0.114975 -0.767062 0.105620 0.993137 -0.050227 110.705643 0.119751 0.037439 0.992098 0.562842 0.000000 0.000000 0.000000 1.000000
0.996107 -0.088074 0.003824 -0.453435 0.088155 0.994924 -0.048537 111.177177 0.000471 0.048685 0.998814 0.815921 0.000000 0.000000 0.000000 1.000000
0.992298 -0.053406 0.111768 -0.045102 0.059154 0.997058 -0.048751 111.363258 -0.108835 0.054987 0.992538 1.082668 0.000000 0.000000 0.000000 1.000000
0.978690 -0.010697 0.205064 0.446446 0.022967 0.998078 -0.057549 111.234329 -0.204054 0.061032 0.977055 1.327265 0.000000 0.000000 0.000000 1.000000
0.959393 0.034559 0.279948 0.959156 -0.014183 0.997121 -0.074488 111.041794 -0.281716 0.067493 0.957121 1.528312 0.000000 0.000000 0.000000 1.000000</float_array><technique_common><accessor source="#Hips-Matrix-animation-output-transform-array" count="72" stride="16"><param type="float4x4"/></accessor></technique_common></source><source id="Hips-Interpolations"><Name_array id="Hips-Interpolations-array" count="72">
 LINEAR LINEAR LINEAR LINEAR LINEAR LINEAR LINEAR LINEAR LINEAR LINEAR LINEAR
LINEAR LINEAR LINEAR LINEAR LINEAR LINEAR LINEAR LINEAR LINEAR LINEAR LINEAR LINEAR
LINEAR LINEAR LINEAR LINEAR LINEAR LINEAR LINEAR LINEAR LINEAR LINEAR LINEAR LINEAR
LINEAR LINEAR LINEAR LINEAR LINEAR LINEAR LINEAR LINEAR LINEAR LINEAR LINEAR LINEAR
LINEAR LINEAR LINEAR LINEAR LINEAR LINEAR LINEAR LINEAR LINEAR LINEAR LINEAR LINEAR
LINEAR LINEAR LINEAR LINEAR LINEAR LINEAR LINEAR LINEAR LINEAR LINEAR LINEAR LINEAR
LINEAR</Name_array><technique_common><accessor source="#Hips-Interpolations-array" count="72"><param type="name"/></accessor></technique_common></source><sampler id="Hips-Matrix-animation-transform"><input semantic="INPUT" source="#Hips-Matrix-animation-input"/><input semantic="OUTPUT" source="#Hips-Matrix-animation-output-transform"/><input semantic="INTERPOLATION" source="#Hips-Interpolations"/></sampler><channel source="#Hips-Matrix-animation-transform" target="Hips/matrix"/></animation>
    <animation id="Spine-anim" name="Spine"><source id="Spine-Matrix-animation-input"><float_array id="Spine-Matrix-animation-input-array" count="72">

0.000000 0.033333 0.066667 0.100000 0.133333 0.166667 0.200000 0.233333 0.266667 0.300000 0.333333 0.366667 0.400000 0.433333 0.466667 0.500000
0.533333 0.566667 0.600000 0.633333 0.666667 0.700000 0.733333 0.766667 0.800000 0.833333 0.866667 0.900000 0.933333 0.966667 1.000000 1.033333
1.066667 1.100000 1.133333 1.166667 1.200000 1.233333 1.266667 1.300000 1.333333 1.366667 1.400000 1.433333 1.466667 1.500000 1.533333 1.566667
1.600000 1.633333 1.666667 1.700000 1.733333 1.766667 1.800000 1.833333 1.866667 1.900000 1.933333 1.966667 2.000000 2.033333 2.066667 2.100000
2.133333 2.166667 2.200000 2.233333 2.266667 2.300000 2.333333 2.366667</float_array><technique_common><accessor source="#Spine-Matrix-animation-input-array" count="72"><param name="TIME" type="float"/></accessor></technique_common></source><source id="Spine-Matrix-animation-output-transform"><float_array id="Spine-Matrix-animation-output-transform-array" count="1152">

0.985333 -0.016911 -0.169802 -0.005700 0.043784 0.986819 0.155790 10.895800 0.164930 -0.160939 0.973086 -1.278700 0.000000 0.000000 0.000000 1.000000
0.982580 -0.015965 -0.185155 -0.005700 0.049969 0.982309 0.180479 10.895800 0.178998 -0.186587 0.965994 -1.278700 0.000000 0.000000 0.000000 1.000000
0.983297 -0.037060 -0.178193 -0.005700 0.071898 0.978514 0.193237 10.895800 0.167203 -0.202821 0.964835 -1.278700 0.000000 0.000000 0.000000 1.000000
0.986720 -0.066576 -0.148161 -0.005700 0.095890 0.974991 0.200494 10.895800 0.131107 -0.212039 0.968427 -1.278700 0.000000 0.000000 0.000000 1.000000
0.990494 -0.091715 -0.102519 -0.005700 0.111629 0.971426 0.209451 10.895800 0.080380 -0.218904 0.972430 -1.278700 0.000000 0.000000 0.000000 1.000000
0.989373 -0.131652 -0.061710 -0.005700 0.142079 0.965556 0.217980 10.895800 0.030887 -0.224431 0.974000 -1.278700 0.000000 0.000000 0.000000 1.000000
0.987872 -0.139527 -0.068122 -0.005700 0.151294 0.963632 0.220279 10.895800 0.034910 -0.227914 0.973055 -1.278700 0.000000 0.000000 0.000000 1.000000
0.986825 -0.150801 -0.058610 -0.005700 0.160100 0.962417 0.219365 10.895800 0.023327 -0.225858 0.973881 -1.278700 0.000000 0.000000 0.000000 1.000000
0.981058 -0.193709 -0.001654 -0.005700 0.189514 0.957971 0.215353 10.895800 -0.040131 -0.211587 0.976535 -1.278700 0.000000 0.000000 0.000000 1.000000
0.968653 -0.235656 0.078600 -0.005700 0.216948 0.956616 0.194470 10.895800 -0.121018 -0.171322 0.977754 -1.278700 0.000000 0.000000 0.000000 1.000000
0.956321 -0.241898 0.164118 -0.005700 0.216862 0.963565 0.156568 10.895800 -0.196012 -0.114138 0.973936 -1.278700 0.000000 0.000000 0.000000 1.000000
0.946771 -0.222979 0.232175 -0.005700 0.200443 0.972716 0.116813 10.895800 -0.251887 -0.064057 0.965634 -1.278700 0.000000 0.000000 0.000000 1.000000
0.940352 -0.203332 0.272754 -0.005700 0.184119 0.978345 0.094562 10.895800 -0.286075 -0.038702 0.957425 -1.278700 0.000000 0.000000 0.000000 1.000000
0.939357 -0.180237 0.291759 -0.005700 0.160135 0.982837 0.091582 10.895800 -0.303258 -0.039307 0.952098 -1.278700 0.000000 0.000000 0.000000 1.000000
0.945790 -0.146734 0.289741 -0.005700 0.126195 0.988054 0.088451 10.895800 -0.299259 -0.047092 0.953009 -1.278700 0.000000 0.000000 0.000000 1.000000
0.959846 -0.099979 0.262106 -0.005700 0.084147 0.993922 0.070976 10.895800 -0.267609 -0.046071 0.962425 -1.278700 0.000000 0.000000 0.000000 1.000000
0.975453 -0.039845 0.216573 -0.005700 0.031337 0.998602 0.042579 10.895800 -0.217967 -0.034747 0.975337 -1.278700 0.000000 0.000000 0.000000 1.000000
0.986694 0.024388 0.160750 -0.005700 -0.026706 0.999568 0.012274 10.895800 -0.160381 -0.016404 0.986919 -1.278700 0.000000 0.000000 0.000000 1.000000
0.992836 0.077882 0.090612 -0.005700 -0.076966 0.996941 -0.013571 10.895800 -0.091392 0.006499 0.995794 -1.278700 0.000000 0.000000 0.000000 1.000000
0.994201 0.106840 0.012264 -0.005700 -0.106462 0.993919 -0.028137 10.895800 -0.015196 0.026668 0.999529 -1.278700 0.000000 0.000000 0.000000 1.000000
0.991983 0.112567 -0.057426 -0.005700 -0.114301 0.993056 -0.027848 10.895800 0.053893 0.034189 0.997961 -1.278700 0.000000 0.000000 0.000000 1.000000
0.988502 0.107668 -0.106171 -0.005700 -0.109452 0.993930 -0.011105 10.895800 0.104330 0.022598 0.994286 -1.278700 0.000000 0.000000 0.000000 1.000000
0.986579 0.095618 -0.132360 -0.005700 -0.093290 0.995357 0.023693 10.895800 0.134011 -0.011028 0.990919 -1.278700 0.000000 0.000000 0.000000 1.000000
0.985336 0.080999 -0.150171 -0.005700 -0.070663 0.994830 0.072945 10.895800 0.155303 -0.061264 0.985965 -1.278700 0.000000 0.000000 0.000000 1.000000
0.981851 0.079843 -0.172028 -0.005700 -0.059249 0.990798 0.121690 10.895800 0.180161 -0.109289 0.977547 -1.278700 0.000000 0.000000 0.000000 1.000000
0.977656 0.094212 -0.187916 -0.005700 -0.067734 0.987451 0.142661 10.895800 0.198998 -0.126745 0.971769 -1.278700 0.000000 0.000000 0.000000 1.000000
0.978142 0.105428 -0.179232 -0.005700 -0.080992 0.987033 0.138585 10.895800 0.191518 -0.121039 0.973997 -1.278700 0.000000 0.000000 0.000000 1.000000
0.984615 0.106311 -0.138680 -0.005700 -0.086527 0.986131 0.141630 10.895800 0.151814 -0.127452 0.980157 -1.278700 0.000000 0.000000 0.000000 1.000000
0.992805 0.092078 -0.076556 -0.005700 -0.079219 0.984460 0.156722 10.895800 0.089797 -0.149530 0.984671 -1.278700 0.000000 0.000000 0.000000 1.000000
0.998542 0.053461 -0.007442 -0.005700 -0.051406 0.983951 0.170875 10.895800 0.016457 -0.170243 0.985265 -1.278700 0.000000 0.000000 0.000000 1.000000
0.997711 -0.010946 0.066735 -0.005700 -0.001147 0.983934 0.178530 10.895800 -0.067617 -0.178198 0.981669 -1.278700 0.000000 0.000000 0.000000 1.000000
0.986389 -0.073181 0.147246 -0.005700 0.049061 0.985696 0.161233 10.895800 -0.156939 -0.151814 0.975870 -1.278700 0.000000 0.000000 0.000000 1.000000
0.967745 -0.114818 0.224248 -0.005700 0.088097 0.988142 0.125756 10.895800 -0.236028 -0.101944 0.966384 -1.278700 0.000000 0.000000 0.000000 1.000000
0.944138 -0.149595 0.293639 -0.005700 0.123838 0.986780 0.104541 10.895800 -0.305396 -0.062337 0.950183 -1.278700 0.000000 0.000000 0.000000 1.000000
0.916473 -0.175041 0.359776 -0.005700 0.151270 0.984066 0.093439 10.895800 -0.370399 -0.031211 0.928348 -1.278700 0.000000 0.000000 0.000000 1.000000
0.893132 -0.178898 0.412687 -0.005700 0.157825 0.983809 0.084914 10.895800 -0.421196 -0.010707 0.906906 -1.278700 0.000000 0.000000 0.000000 1.000000
0.882693 -0.172153 0.437283 -0.005700 0.148615 0.984991 0.087786 10.895800 -0.445833 -0.012501 0.895029 -1.278700 0.000000 0.000000 0.000000 1.000000
0.884096 -0.173107 0.434060 -0.005700 0.147260 0.984737 0.092782 10.895800 -0.443496 -0.018109 0.896093 -1.278700 0.000000 0.000000 0.000000 1.000000
0.896154 -0.175270 0.407662 -0.005700 0.154947 0.984460 0.082643 10.895800 -0.415812 -0.010895 0.909386 -1.278700 0.000000 0.000000 0.000000 1.000000
0.918112 -0.164503 0.360569 -0.005700 0.151904 0.986371 0.063224 10.895800 -0.366055 -0.003275 0.930587 -1.278700 0.000000 0.000000 0.000000 1.000000
0.944285 -0.135926 0.299751 -0.005700 0.126546 0.990670 0.050582 10.895800 -0.303829 -0.009832 0.952676 -1.278700 0.000000 0.000000 0.000000 1.000000
0.968608 -0.097617 0.228627 -0.005700 0.090241 0.995012 0.042523 10.895800 -0.231638 -0.020557 0.972585 -1.278700 0.000000 0.000000 0.000000 1.000000
0.987380 -0.055862 0.148187 -0.005700 0.051310 0.998091 0.034363 10.895800 -0.149824 -0.026326 0.988362 -1.278700 0.000000 0.000000 0.000000 1.000000
0.998070 -0.006899 0.061713 -0.005700 0.004501 0.999232 0.038921 10.895800 -0.061934 -0.038568 0.997335 -1.278700 0.000000 0.000000 0.000000 1.000000
0.998560 0.046014 -0.027587 -0.005700 -0.044153 0.996932 0.064624 10.895800 0.030476 -0.063313 0.997528 -1.278700 0.000000 0.000000 0.000000 1.000000
0.989823 0.088597 -0.111361 -0.005700 -0.077820 0.992172 0.097666 10.895800 0.119143 -0.088006 0.988969 -1.278700 0.000000 0.000000 0.000000 1.000000
0.978497 0.108448 -0.175448 -0.005700 -0.087274 0.988410 0.124215 10.895800 0.186885 -0.106232 0.976621 -1.278700 0.000000 0.000000 0.000000 1.000000
0.970704 0.108188 -0.214543 -0.005700 -0.077212 0.985990 0.147861 10.895800 0.227534 -0.126964 0.965458 -1.278700 0.000000 0.000000 0.000000 1.000000
0.967141 0.097312 -0.234879 -0.005700 -0.057035 0.983347 0.172559 10.895800 0.247759 -0.153492 0.956585 -1.278700 0.000000 0.000000 0.000000 1.000000
0.966954 0.076421 -0.243229 -0.005700 -0.028826 0.980672 0.193525 10.895800 0.253317 -0.180118 0.950467 -1.278700 0.000000 0.000000 0.000000 1.000000
0.968531 0.048648 -0.244092 -0.005700 0.003679 0.977806 0.209480 10.895800 0.248865 -0.203786 0.946857 -1.278700 0.000000 0.000000 0.000000 1.000000
0.972069 0.021519 -0.233708 -0.005700 0.030945 0.975343 0.218515 10.895800 0.232648 -0.219644 0.947434 -1.278700 0.000000 0.000000 0.000000 1.000000
0.978320 -0.007179 -0.206976 -0.005700 0.053748 0.973957 0.220268 10.895800 0.200004 -0.226617 0.953228 -1.278700 0.000000 0.000000 0.000000 1.000000
0.985693 -0.047655 -0.161675 -0.005700 0.082598 0.972700 0.216869 10.895800 0.146927 -0.227121 0.962719 -1.278700 0.000000 0.000000 0.000000 1.000000
0.989796 -0.105017 -0.096311 -0.005700 0.123406 0.969684 0.210912 10.895800 0.071242 -0.220646 0.972749 -1.278700 0.000000 0.000000 0.000000 1.000000
0.985994 -0.166413 -0.011092 -0.005700 0.165178 0.965144 0.203009 10.895800 -0.023077 -0.201997 0.979114 -1.278700 0.000000 0.000000 0.000000 1.000000
0.972865 -0.214700 0.086237 -0.005700 0.195632 0.962319 0.188864 10.895800 -0.123537 -0.166868 0.978209 -1.278700 0.000000 0.000000 0.000000 1.000000
0.953517 -0.241654 0.180023 -0.005700 0.212217 0.962644 0.168169 10.895800 -0.213937 -0.122148 0.969180 -1.278700 0.000000 0.000000 0.000000 1.000000
0.933971 -0.247633 0.257636 -0.005700 0.216071 0.965581 0.144799 10.895800 -0.284626 -0.079570 0.955331 -1.278700 0.000000 0.000000 0.000000 1.000000
0.919495 -0.234938 0.315171 -0.005700 0.206417 0.970889 0.121520 10.895800 -0.334546 -0.046680 0.941223 -1.278700 0.000000 0.000000 0.000000 1.000000
0.910658 -0.221147 0.348994 -0.005700 0.197855 0.974960 0.101525 10.895800 -0.362707 -0.023404 0.931609 -1.278700 0.000000 0.000000 0.000000 1.000000
0.907628 -0.220425 0.357245 -0.005700 0.201495 0.975357 0.089883 10.895800 -0.368254 -0.009597 0.929676 -1.278700 0.000000 0.000000 0.000000 1.000000
0.909725 -0.231403 0.344750 -0.005700 0.216359 0.972858 0.082074 10.895800 -0.354385 -0.000075 0.935100 -1.278700 0.000000 0.000000 0.000000 1.000000
0.917593 -0.241933 0.315422 -0.005700 0.229392 0.970291 0.076904 10.895800 -0.324657 0.001789 0.945830 -1.278700 0.000000 0.000000 0.000000 1.000000
0.932688 -0.236125 0.272650 -0.005700 0.223711 0.971670 0.076227 10.895800 -0.282925 -0.010102 0.959089 -1.278700 0.000000 0.000000 0.000000 1.000000
0.954359 -0.205046 0.217151 -0.005700 0.193208 0.978314 0.074648 10.895800 -0.227748 -0.029286 0.973280 -1.278700 0.000000 0.000000 0.000000 1.000000
0.976214 -0.156211 0.150350 -0.005700 0.146593 0.986490 0.073127 10.895800 -0.159742 -0.049348 0.985925 -1.278700 0.000000 0.000000 0.000000 1.000000
0.991433 -0.104873 0.077858 -0.005700 0.098766 0.992007 0.078539 10.895800 -0.085473 -0.070176 0.993866 -1.278700 0.000000 0.000000 0.000000 1.000000
0.998041 -0.062494 0.002795 -0.005700 0.062003 0.994153 0.088409 10.895800 -0.008304 -0.088062 0.996080 -1.278700 0.000000 0.000000 0.000000 1.000000
0.996934 -0.034356 -0.070296 -0.005700 0.041480 0.993865 0.102525 10.895800 0.066342 -0.105127 0.992243 -1.278700 0.000000 0.000000 0.000000 1.000000
0.991144 -0.022508 -0.130868 -0.005700 0.039247 0.991155 0.126776 10.895800 0.126857 -0.130790 0.983261 -1.278700 0.000000 0.000000 0.000000 1.000000
0.985333 -0.016911 -0.169802 -0.005700 0.043784 0.986819 0.155790 10.895800 0.164930 -0.160939 0.973086 -1.278700 0.000000 0.000000 0.000000 1.000000</float_array><technique_common><accessor source="#Spine-Matrix-animation-output-transform-array" count="72" stride="16"><param type="float4x4"/></accessor></technique_common></source><source id="Spine-Interpolations"><Name_array id="Spine-Interpolations-array" count="72">
 LINEAR LINEAR LINEAR LINEAR LINEAR LINEAR LINEAR LINEAR LINEAR LINEAR LINEAR
LINEAR LINEAR LINEAR LINEAR LINEAR LINEAR LINEAR LINEAR LINEAR LINEAR LINEAR LINEAR
LINEAR LINEAR LINEAR LINEAR LINEAR LINEAR LINEAR LINEAR LINEAR LINEAR LINEAR LINEAR
LINEAR LINEAR LINEAR LINEAR LINEAR LINEAR LINEAR LINEAR LINEAR LINEAR LINEAR LINEAR
LINEAR LINEAR LINEAR LINEAR LINEAR LINEAR LINEAR LINEAR LINEAR LINEAR LINEAR LINEAR
LINEAR LINEAR LINEAR LINEAR LINEAR LINEAR LINEAR LINEAR LINEAR LINEAR LINEAR LINEAR
LINEAR</Name_array><technique_common><accessor source="#Spine-Interpolations-array" count="72"><param type="name"/></accessor></technique_common></source><sampler id="Spine-Matrix-animation-transform"><input semantic="INPUT" source="#Spine-Matrix-animation-input"/><input semantic="OUTPUT" source="#Spine-Matrix-animation-output-transform"/><input semantic="INTERPOLATION" source="#Spine-Interpolations"/></sampler><channel source="#Spine-Matrix-animation-transform" target="Spine/matrix"/></animation>
    <animation id="Spine1-anim" name="Spine1"><source id="Spine1-Matrix-animation-input"><float_array id="Spine1-Matrix-animation-input-array" count="72">

0.000000 0.033333 0.066667 0.100000 0.133333 0.166667 0.200000 0.233333 0.266667 0.300000 0.333333 0.366667 0.400000 0.433333 0.466667 0.500000
0.533333 0.566667 0.600000 0.633333 0.666667 0.700000 0.733333 0.766667 0.800000 0.833333 0.866667 0.900000 0.933333 0.966667 1.000000 1.033333
1.066667 1.100000 1.133333 1.166667 1.200000 1.233333 1.266667 1.300000 1.333333 1.366667 1.400000 1.433333 1.466667 1.500000 1.533333 1.566667
1.600000 1.633333 1.666667 1.700000 1.733333 1.766667 1.800000 1.833333 1.866667 1.900000 1.933333 1.966667 2.000000 2.033333 2.066667 2.100000
2.133333 2.166667 2.200000 2.233333 2.266667 2.300000 2.333333 2.366667</float_array><technique_common><accessor source="#Spine1-Matrix-animation-input-array" count="72"><param name="TIME" type="float"/></accessor></technique_common></source><source id="Spine1-Matrix-animation-output-transform"><float_array id="Spine1-Matrix-animation-output-transform-array" count="1152">

0.999600 0.005301 -0.027782 -0.006600 -0.007531 0.996702 -0.080796 12.711700 0.027262 0.080973 0.996343 -1.491800 0.000000 0.000000 0.000000 1.000000
0.999155 -0.030996 -0.027008 -0.006600 0.028403 0.995388 -0.091626 12.711700 0.029724 0.090782 0.995427 -1.491800 0.000000 0.000000 0.000000 1.000000
0.998651 -0.046284 -0.023550 -0.006600 0.043946 0.994826 -0.091597 12.711700 0.027668 0.090438 0.995518 -1.491800 0.000000 0.000000 0.000000 1.000000
0.998805 -0.045441 -0.018019 -0.006600 0.043783 0.995533 -0.083649 12.711700 0.021740 0.082760 0.996332 -1.491800 0.000000 0.000000 0.000000 1.000000
0.999021 -0.043093 -0.010006 -0.006600 0.042225 0.996299 -0.074871 12.711700 0.013196 0.074375 0.997143 -1.491800 0.000000 0.000000 0.000000 1.000000
0.999267 -0.038217 -0.002266 -0.006600 0.037970 0.996898 -0.068934 12.711700 0.004893 0.068797 0.997619 -1.491800 0.000000 0.000000 0.000000 1.000000
0.998198 -0.059990 -0.001094 -0.006600 0.059703 0.994915 -0.081117 12.711700 0.005954 0.080905 0.996704 -1.491800 0.000000 0.000000 0.000000 1.000000
0.997530 -0.070226 0.001585 -0.006600 0.070080 0.993392 -0.090890 12.711700 0.004808 0.090776 0.995860 -1.491800 0.000000 0.000000 0.000000 1.000000
0.999226 -0.038215 0.009364 -0.006600 0.038885 0.995465 -0.086813 12.711700 -0.006004 0.087110 0.996181 -1.491800 0.000000 0.000000 0.000000 1.000000
0.999722 0.014482 0.018627 -0.006600 -0.013110 0.997331 -0.071820 12.711700 -0.019617 0.071555 0.997244 -1.491800 0.000000 0.000000 0.000000 1.000000
0.997476 0.064951 0.028684 -0.006600 -0.063409 0.996645 -0.051747 12.711700 -0.031949 0.049798 0.998248 -1.491800 0.000000 0.000000 0.000000 1.000000
0.993204 0.110281 0.037211 -0.006600 -0.108727 0.993206 -0.041481 12.711700 -0.041533 0.037153 0.998446 -1.491800 0.000000 0.000000 0.000000 1.000000
0.987855 0.149671 0.041730 -0.006600 -0.147636 0.987866 -0.048218 12.711700 -0.048441 0.041472 0.997965 -1.491800 0.000000 0.000000 0.000000 1.000000
0.983365 0.176641 0.042317 -0.006600 -0.173924 0.982865 -0.061052 12.711700 -0.052376 0.052677 0.997237 -1.491800 0.000000 0.000000 0.000000 1.000000
0.980343 0.193238 0.039836 -0.006600 -0.190381 0.979480 -0.066129 12.711700 -0.051797 0.057245 0.997016 -1.491800 0.000000 0.000000 0.000000 1.000000
0.978129 0.205154 0.034290 -0.006600 -0.202765 0.977218 -0.062700 12.711700 -0.046372 0.054376 0.997443 -1.491800 0.000000 0.000000 0.000000 1.000000
0.977990 0.206844 0.027411 -0.006600 -0.205117 0.977169 -0.055393 12.711700 -0.038242 0.048551 0.998088 -1.491800 0.000000 0.000000 0.000000 1.000000
0.980602 0.194962 0.020254 -0.006600 -0.193886 0.979953 -0.045836 12.711700 -0.028784 0.041020 0.998744 -1.491800 0.000000 0.000000 0.000000 1.000000
0.984314 0.176059 0.011345 -0.006600 -0.175572 0.983846 -0.034959 12.711700 -0.017316 0.032419 0.999324 -1.491800 0.000000 0.000000 0.000000 1.000000
0.988030 0.154262 0.000417 -0.006600 -0.154193 0.987660 -0.027428 12.711700 -0.004643 0.027035 0.999624 -1.491800 0.000000 0.000000 0.000000 1.000000
0.991822 0.127184 -0.010681 -0.006600 -0.127439 0.991448 -0.028115 12.711700 0.007014 0.029247 0.999548 -1.491800 0.000000 0.000000 0.000000 1.000000
0.995076 0.097186 -0.019437 -0.006600 -0.097819 0.994596 -0.034802 12.711700 0.015949 0.036531 0.999205 -1.491800 0.000000 0.000000 0.000000 1.000000
0.997510 0.066148 -0.024458 -0.006600 -0.067129 0.996872 -0.041720 12.711700 0.021622 0.043258 0.998830 -1.491800 0.000000 0.000000 0.000000 1.000000
0.999296 0.025868 -0.027163 -0.006600 -0.027237 0.998313 -0.051281 12.711700 0.025790 0.051985 0.998315 -1.491800 0.000000 0.000000 0.000000 1.000000
0.999167 -0.029264 -0.028457 -0.006600 0.027237 0.997234 -0.069159 12.711700 0.030402 0.068326 0.997200 -1.491800 0.000000 0.000000 0.000000 1.000000
0.996031 -0.084720 -0.027282 -0.006600 0.082148 0.993026 -0.084559 12.711700 0.034255 0.081982 0.996045 -1.491800 0.000000 0.000000 0.000000 1.000000
0.992756 -0.117789 -0.023681 -0.006600 0.115349 0.989560 -0.086408 12.711700 0.033612 0.083051 0.995978 -1.491800 0.000000 0.000000 0.000000 1.000000
0.991994 -0.125199 -0.016524 -0.006600 0.123362 0.988690 -0.085282 12.711700 0.027015 0.082561 0.996220 -1.491800 0.000000 0.000000 0.000000 1.000000
0.992945 -0.118419 -0.006057 -0.006600 0.117406 0.989033 -0.089606 12.711700 0.016601 0.088263 0.995959 -1.491800 0.000000 0.000000 0.000000 1.000000
0.994785 -0.101848 0.005463 -0.006600 0.101905 0.990233 -0.095156 12.711700 0.004281 0.095217 0.995447 -1.491800 0.000000 0.000000 0.000000 1.000000
0.997365 -0.070476 0.017212 -0.006600 0.071844 0.992447 -0.099436 12.711700 -0.010074 0.100411 0.994895 -1.491800 0.000000 0.000000 0.000000 1.000000
0.999085 -0.031566 0.028866 -0.006600 0.034266 0.994556 -0.098405 12.711700 -0.025603 0.099305 0.994728 -1.491800 0.000000 0.000000 0.000000 1.000000
0.999200 0.005002 0.039682 -0.006600 -0.001378 0.995865 -0.090837 12.711700 -0.039972 0.090709 0.995075 -1.491800 0.000000 0.000000 0.000000 1.000000
0.997848 0.042763 0.049714 -0.006600 -0.038617 0.995921 -0.081552 12.711700 -0.052999 0.079457 0.995428 -1.491800 0.000000 0.000000 0.000000 1.000000
0.994758 0.083258 0.059375 -0.006600 -0.078905 0.994262 -0.072232 12.711700 -0.065048 0.067168 0.995619 -1.491800 0.000000 0.000000 0.000000 1.000000
0.990667 0.118790 0.066839 -0.006600 -0.114271 0.991133 -0.067800 12.711700 -0.074301 0.059529 0.995458 -1.491800 0.000000 0.000000 0.000000 1.000000
0.986690 0.147294 0.068896 -0.006600 -0.142230 0.987107 -0.073419 12.711700 -0.078822 0.062643 0.994919 -1.491800 0.000000 0.000000 0.000000 1.000000
0.982533 0.174079 0.065765 -0.006600 -0.168607 0.982332 -0.081211 12.711700 -0.078740 0.068704 0.994525 -1.491800 0.000000 0.000000 0.000000 1.000000
0.978348 0.198222 0.059517 -0.006600 -0.193105 0.977738 -0.082088 12.711700 -0.074464 0.068818 0.994846 -1.491800 0.000000 0.000000 0.000000 1.000000
0.975255 0.215218 0.050586 -0.006600 -0.210818 0.974214 -0.080397 12.711700 -0.066585 0.067744 0.995478 -1.491800 0.000000 0.000000 0.000000 1.000000
0.974935 0.218900 0.039813 -0.006600 -0.215266 0.973281 -0.079900 12.711700 -0.056239 0.069327 0.996007 -1.491800 0.000000 0.000000 0.000000 1.000000
0.977512 0.208919 0.028706 -0.006600 -0.206390 0.975731 -0.073154 12.711700 -0.043292 0.065585 0.996907 -1.491800 0.000000 0.000000 0.000000 1.000000
0.982197 0.187044 0.017439 -0.006600 -0.185713 0.980782 -0.059808 12.711700 -0.028290 0.055504 0.998058 -1.491800 0.000000 0.000000 0.000000 1.000000
0.988135 0.153517 0.004656 -0.006600 -0.153091 0.986922 -0.050469 12.711700 -0.012343 0.049158 0.998715 -1.491800 0.000000 0.000000 0.000000 1.000000
0.993549 0.112965 -0.009929 -0.006600 -0.113327 0.992243 -0.051103 12.711700 0.004079 0.051898 0.998644 -1.491800 0.000000 0.000000 0.000000 1.000000
0.997383 0.068340 -0.023612 -0.006600 -0.069594 0.995934 -0.057202 12.711700 0.019607 0.058696 0.998083 -1.491800 0.000000 0.000000 0.000000 1.000000
0.999226 0.021559 -0.032889 -0.006600 -0.023645 0.997644 -0.064407 12.711700 0.031422 0.065134 0.997382 -1.491800 0.000000 0.000000 0.000000 1.000000
0.999068 -0.022369 -0.036919 -0.006600 0.019634 0.997150 -0.072846 12.711700 0.038443 0.072053 0.996660 -1.491800 0.000000 0.000000 0.000000 1.000000
0.997517 -0.059937 -0.036982 -0.006600 0.056723 0.994972 -0.082545 12.711700 0.041744 0.080242 0.995901 -1.491800 0.000000 0.000000 0.000000 1.000000
0.995555 -0.087602 -0.034585 -0.006600 0.084059 0.992091 -0.093221 12.711700 0.042477 0.089899 0.995045 -1.491800 0.000000 0.000000 0.000000 1.000000
0.994017 -0.104742 -0.030965 -0.006600 0.100975 0.989329 -0.105037 12.711700 0.041636 0.101282 0.993986 -1.491800 0.000000 0.000000 0.000000 1.000000
0.992908 -0.115980 -0.026124 -0.006600 0.112339 0.987213 -0.113097 12.711700 0.038907 0.109360 0.993240 -1.491800 0.000000 0.000000 0.000000 1.000000
0.992474 -0.120846 -0.019808 -0.006600 0.117823 0.986416 -0.114464 12.711700 0.033371 0.111268 0.993230 -1.491800 0.000000 0.000000 0.000000 1.000000
0.993352 -0.114511 -0.011794 -0.006600 0.112497 0.987369 -0.111564 12.711700 0.024421 0.109495 0.993687 -1.491800 0.000000 0.000000 0.000000 1.000000
0.995389 -0.095911 -0.001582 -0.006600 0.095205 0.989805 -0.105934 12.711700 0.011726 0.105295 0.994372 -1.491800 0.000000 0.000000 0.000000 1.000000
0.997656 -0.067618 0.010550 -0.006600 0.068316 0.993123 -0.095080 12.711700 -0.004048 0.095578 0.995414 -1.491800 0.000000 0.000000 0.000000 1.000000
0.999167 -0.033388 0.023475 -0.006600 0.035140 0.996282 -0.078660 12.711700 -0.020762 0.079420 0.996625 -1.491800 0.000000 0.000000 0.000000 1.000000
0.999350 -0.001536 0.036022 -0.006600 0.003770 0.998067 -0.062035 12.711700 -0.035857 0.062130 0.997424 -1.491800 0.000000 0.000000 0.000000 1.000000
0.998623 0.023834 0.046732 -0.006600 -0.021542 0.998569 -0.048947 12.711700 -0.047831 0.047873 0.997708 -1.491800 0.000000 0.000000 0.000000 1.000000
0.997226 0.050734 0.054461 -0.006600 -0.048607 0.998029 -0.039700 12.711700 -0.056368 0.036943 0.997726 -1.491800 0.000000 0.000000 0.000000 1.000000
0.994427 0.087831 0.058312 -0.006600 -0.085800 0.995645 -0.036474 12.711700 -0.061261 0.031267 0.997632 -1.491800 0.000000 0.000000 0.000000 1.000000
0.989312 0.133940 0.057640 -0.006600 -0.131834 0.990507 -0.038918 12.711700 -0.062305 0.030903 0.997579 -1.491800 0.000000 0.000000 0.000000 1.000000
0.982001 0.181179 0.053371 -0.006600 -0.179144 0.982978 -0.040759 12.711700 -0.059847 0.030464 0.997743 -1.491800 0.000000 0.000000 0.000000 1.000000
0.974943 0.217491 0.046723 -0.006600 -0.215612 0.975570 -0.042124 12.711700 -0.054743 0.030994 0.998019 -1.491800 0.000000 0.000000 0.000000 1.000000
0.971912 0.232163 0.038566 -0.006600 -0.230459 0.972087 -0.043997 12.711700 -0.047704 0.033873 0.998287 -1.491800 0.000000 0.000000 0.000000 1.000000
0.974225 0.223660 0.029348 -0.006600 -0.222284 0.973993 -0.043898 12.711700 -0.038403 0.036243 0.998605 -1.491800 0.000000 0.000000 0.000000 1.000000
0.979828 0.198939 0.018981 -0.006600 -0.198020 0.979301 -0.041923 12.711700 -0.026928 0.037318 0.998941 -1.491800 0.000000 0.000000 0.000000 1.000000
0.986185 0.165470 0.007682 -0.006600 -0.165015 0.985409 -0.041701 12.711700 -0.014470 0.039857 0.999101 -1.491800 0.000000 0.000000 0.000000 1.000000
0.992165 0.124874 -0.003941 -0.006600 -0.124925 0.991135 -0.045230 12.711700 -0.001742 0.045368 0.998969 -1.491800 0.000000 0.000000 0.000000 1.000000
0.996621 0.080759 -0.014953 -0.006600 -0.081443 0.995275 -0.052861 12.711700 0.010614 0.053901 0.998490 -1.491800 0.000000 0.000000 0.000000 1.000000
0.998824 0.042347 -0.023622 -0.006600 -0.043818 0.996879 -0.065671 12.711700 0.020768 0.066629 0.997562 -1.491800 0.000000 0.000000 0.000000 1.000000
0.999600 0.005301 -0.027782 -0.006600 -0.007531 0.996702 -0.080796 12.711700 0.027262 0.080973 0.996343 -1.491800 0.000000 0.000000 0.000000 1.000000</float_array><technique_common><accessor source="#Spine1-Matrix-animation-output-transform-array" count="72" stride="16"><param type="float4x4"/></accessor></technique_common></source><source id="Spine1-Interpolations"><Name_array id="Spine1-Interpolations-array" count="72">
 LINEAR LINEAR LINEAR LINEAR LINEAR LINEAR LINEAR LINEAR LINEAR LINEAR LINEAR
LINEAR LINEAR LINEAR LINEAR LINEAR LINEAR LINEAR LINEAR LINEAR LINEAR LINEAR LINEAR
LINEAR LINEAR LINEAR LINEAR LINEAR LINEAR LINEAR LINEAR LINEAR LINEAR LINEAR LINEAR
LINEAR LINEAR LINEAR LINEAR LINEAR LINEAR LINEAR LINEAR LINEAR LINEAR LINEAR LINEAR
LINEAR LINEAR LINEAR LINEAR LINEAR LINEAR LINEAR LINEAR LINEAR LINEAR LINEAR LINEAR
LINEAR LINEAR LINEAR LINEAR LINEAR LINEAR LINEAR LINEAR LINEAR LINEAR LINEAR LINEAR
LINEAR</Name_array><technique_common><accessor source="#Spine1-Interpolations-array" count="72"><param type="name"/></accessor></technique_common></source><sampler id="Spine1-Matrix-animation-transform"><input semantic="INPUT" source="#Spine1-Matrix-animation-input"/><input semantic="OUTPUT" source="#Spine1-Matrix-animation-output-transform"/><input semantic="INTERPOLATION" source="#Spine1-Interpolations"/></sampler><channel source="#Spine1-Matrix-animation-transform" target="Spine1/matrix"/></animation>
