<?xml version="1.0" encoding="utf-8"?>
<COLLADA xmlns="http://www.collada.org/2005/11/COLLADASchema" version="1.4.1">
  <asset><contributor><author>Mixamo</author><authoring_tool>COLLADA Mixamo exporter</authoring_tool><comments></comments></contributor><created>2021-04-08T02:04:57Z</created><modified>2021-04-08T02:04:57Z</modified><revision></revision><title></title><unit meter="0.010000"/><up_axis>Y_UP</up_axis></asset>
  <library_animations>
    <animation id="Hips-anim" name="Hips"><source id="Hips-Matrix-animation-input"><float_array id="Hips-Matrix-animation-input-array" count="49">

0.000000 0.033333 0.066667 0.100000 0.133333 0.166667 0.200000 0.233333 0.266667 0.300000 0.333333 0.366667 0.400000 0.433333 0.466667 0.500000
0.533333 0.566667 0.600000 0.633333 0.666667 0.700000 0.733333 0.766667 0.800000 0.833333 0.866667 0.900000 0.933333 0.966667 1.000000 1.033333
1.066667 1.100000 1.133333 1.166667 1.200000 1.233333 1.266667 1.300000 1.333333 1.366667 1.400000 1.433333 1.466667 1.500000 1.533333 1.566667
1.600000</float_array><technique_common><accessor source="#Hips-Matrix-animation-input-array" count="49"><param name="TIME" type="float"/></accessor></technique_common></source><source id="Hips-Matrix-animation-output-transform"><float_array id="Hips-Matrix-animation-output-transform-array" count="784">

0.811850 -0.033032 -0.582930 -0.784383 -0.051311 0.990499 -0.127588 102.720314 0.581606 0.133494 0.802442 0.928119 0.000000 0.000000 0.000000 1.000000
0.820786 -0.037857 -0.569980 -1.022163 -0.049115 0.989430 -0.136444 102.912025 0.569120 0.139986 0.810251 1.132013 0.000000 0.000000 0.000000 1.000000
0.829410 -0.043554 -0.556941 -1.343447 -0.046604 0.988086 -0.146674 103.074036 0.556694 0.147608 0.817499 1.313821 0.000000 0.000000 0.000000 1.000000
0.840377 -0.047566 -0.539911 -1.744897 -0.044111 0.986835 -0.155599 103.264671 0.540204 0.154578 0.827215 1.536158 0.000000 0.000000 0.000000 1.000000
0.859049 -0.044568 -0.509949 -2.294593 -0.042477 0.986560 -0.157779 103.458282 0.510128 0.157201 0.845611 2.001100 0.000000 0.000000 0.000000 1.000000
0.887701 -0.028895 -0.459513 -3.037952 -0.044782 0.987878 -0.148629 103.453003 0.458238 0.152516 0.875647 3.066401 0.000000 0.000000 0.000000 1.000000
0.918635 -0.001387 -0.395104 -3.972614 -0.054127 0.990124 -0.129322 103.195213 0.391382 0.140186 0.909488 4.913997 0.000000 0.000000 0.000000 1.000000
0.939004 0.032137 -0.342402 -4.927427 -0.072139 0.991880 -0.104738 102.570854 0.336256 0.123050 0.933697 7.455062 0.000000 0.000000 0.000000 1.000000
0.943171 0.068044 -0.325266 -5.692721 -0.097168 0.992504 -0.074128 101.553276 0.317784 0.101521 0.942712 10.333894 0.000000 0.000000 0.000000 1.000000
0.937188 0.105319 -0.332545 -6.280080 -0.121179 0.992256 -0.027256 100.223671 0.327099 0.065842 0.942694 13.092853 0.000000 0.000000 0.000000 1.000000
0.937482 0.154186 -0.312018 -6.974400 -0.148733 0.988012 0.041352 99.858582 0.314653 0.007641 0.949176 16.216375 0.000000 0.000000 0.000000 1.000000
0.956001 0.205760 -0.209103 -7.721931 -0.185678 0.976238 0.111728 101.403557 0.227123 -0.067986 0.971490 19.782354 0.000000 0.000000 0.000000 1.000000
0.968245 0.249999 -0.001627 -8.108271 -0.247267 0.958586 0.141318 104.751862 0.036889 -0.136429 0.989963 23.509676 0.000000 0.000000 0.000000 1.000000
0.913919 0.291813 0.282130 -8.374139 -0.328781 0.939820 0.092963 109.045029 -0.238023 -0.177719 0.954862 27.130831 0.000000 0.000000 0.000000 1.000000
0.748868 0.357826 0.557815 -9.434987 -0.408280 0.912107 -0.036980 112.396637 -0.522019 -0.200052 0.829141 31.275234 0.000000 0.000000 0.000000 1.000000
0.504984 0.456721 0.732391 -11.273714 -0.468360 0.857738 -0.211954 114.468964 -0.725004 -0.235989 0.647054 37.942890 0.000000 0.000000 0.000000 1.000000
0.272633 0.561088 0.781570 -12.001022 -0.519367 0.769644 -0.371357 116.553909 -0.809895 -0.304678 0.501241 47.465187 0.000000 0.000000 0.000000 1.000000
0.116800 0.637189 0.761806 -9.942935 -0.575909 0.668377 -0.470745 119.196762 -0.809127 -0.383748 0.445030 55.646580 0.000000 0.000000 0.000000 1.000000
0.040135 0.681034 0.731151 -7.049139 -0.635587 0.582017 -0.507234 120.409538 -0.770986 -0.444352 0.456216 58.685570 0.000000 0.000000 0.000000 1.000000
0.010824 0.703313 0.710798 -6.041246 -0.691649 0.518631 -0.502637 120.336792 -0.722153 -0.486182 0.492059 55.323082 0.000000 0.000000 0.000000 1.000000
-0.010075 0.709712 0.704419 -6.385960 -0.724799 0.480131 -0.494105 119.567322 -0.688886 -0.515541 0.509562 53.877525 0.000000 0.000000 0.000000 1.000000
-0.042326 0.701989 0.710929 -6.629907 -0.732543 0.462070 -0.499872 118.976357 -0.679404 -0.541944 0.494679 55.577602 0.000000 0.000000 0.000000 1.000000
-0.073083 0.684208 0.725616 -6.804368 -0.715186 0.471132 -0.516279 117.858253 -0.695103 -0.556682 0.454904 60.300819 0.000000 0.000000 0.000000 1.000000
-0.085312 0.661238 0.745310 -7.593216 -0.693335 0.497816 -0.521024 115.652985 -0.715548 -0.561199 0.415990 62.123165 0.000000 0.000000 0.000000 1.000000
-0.078929 0.636770 0.767003 -8.170259 -0.669340 0.536326 -0.514139 112.335480 -0.738752 -0.553966 0.383884 61.241096 0.000000 0.000000 0.000000 1.000000
-0.055691 0.610157 0.790321 -8.092733 -0.652585 0.576833 -0.491322 108.183807 -0.755666 -0.543113 0.366055 57.421215 0.000000 0.000000 0.000000 1.000000
-0.015299 0.577907 0.815959 -7.150270 -0.646124 0.617073 -0.449160 105.153214 -0.763079 -0.534082 0.363959 51.973061 0.000000 0.000000 0.000000 1.000000
0.056633 0.536484 0.842008 -6.015110 -0.639440 0.667180 -0.382084 103.516151 -0.766752 -0.516775 0.380834 46.958321 0.000000 0.000000 0.000000 1.000000
0.173856 0.483481 0.857916 -4.902378 -0.616961 0.732493 -0.287773 102.645889 -0.767551 -0.479269 0.425637 42.538731 0.000000 0.000000 0.000000 1.000000
0.336139 0.418774 0.843587 -3.922848 -0.566589 0.805408 -0.174056 101.926033 -0.752322 -0.419460 0.508001 38.177662 0.000000 0.000000 0.000000 1.000000
0.517555 0.346665 0.782279 -3.046810 -0.487506 0.870817 -0.063366 101.120567 -0.703189 -0.348570 0.619697 33.628166 0.000000 0.000000 0.000000 1.000000
0.680139 0.276322 0.679012 -2.206691 -0.393813 0.918962 0.020497 100.388222 -0.618323 -0.281345 0.733841 28.940672 0.000000 0.000000 0.000000 1.000000
0.801361 0.217451 0.557258 -1.325147 -0.305068 0.949897 0.068037 100.013725 -0.514543 -0.224524 0.827547 24.363588 0.000000 0.000000 0.000000 1.000000
0.883110 0.173868 0.435759 -0.436500 -0.232709 0.968820 0.085049 100.128448 -0.407385 -0.176513 0.896036 20.214317 0.000000 0.000000 0.000000 1.000000
0.937068 0.143652 0.318225 0.322492 -0.178676 0.980350 0.083596 100.560516 -0.299964 -0.135195 0.944322 16.741861 0.000000 0.000000 0.000000 1.000000
0.972057 0.122041 0.200526 0.746422 -0.139095 0.987568 0.073233 101.024033 -0.189096 -0.099078 0.976947 14.007895 0.000000 0.000000 0.000000 1.000000
0.991165 0.105080 0.080933 0.758671 -0.109803 0.992358 0.056297 101.189552 -0.074399 -0.064686 0.995128 11.761903 0.000000 0.000000 0.000000 1.000000
0.995361 0.088846 -0.036913 0.436468 -0.087735 0.995671 0.030697 100.906883 0.039480 -0.027316 0.998847 9.640351 0.000000 0.000000 0.000000 1.000000
0.986582 0.069466 -0.147753 -0.047616 -0.070615 0.997500 -0.002543 100.250763 0.147207 0.012943 0.989021 7.402921 0.000000 0.000000 0.000000 1.000000
0.967406 0.046944 -0.248841 -0.518213 -0.057548 0.997711 -0.035506 99.537849 0.246605 0.048669 0.967893 5.085505 0.000000 0.000000 0.000000 1.000000
0.939490 0.028157 -0.341417 -0.851556 -0.051057 0.996994 -0.058272 99.297882 0.338750 0.072178 0.938104 3.116511 0.000000 0.000000 0.000000 1.000000
0.903745 0.017401 -0.427718 -1.057050 -0.051178 0.996399 -0.067599 99.677551 0.425002 0.082982 0.901381 1.779769 0.000000 0.000000 0.000000 1.000000
0.863514 0.012413 -0.504172 -1.208989 -0.055009 0.996051 -0.069692 100.389099 0.501316 0.087914 0.860786 1.061870 0.000000 0.000000 0.000000 1.000000
0.827266 0.006895 -0.561769 -1.304891 -0.058416 0.995560 -0.073804 101.064873 0.558766 0.093871 0.823996 0.721535 0.000000 0.000000 0.000000 1.000000
0.804174 -0.001984 -0.594391 -1.282297 -0.059509 0.994701 -0.083833 101.521790 0.591407 0.102788 0.799795 0.573849 0.000000 0.000000 0.000000 1.000000
0.796528 -0.012290 -0.604477 -1.125445 -0.058251 0.993582 -0.096959 101.814972 0.601789 0.112442 0.790700 0.541654 0.000000 0.000000 0.000000 1.000000
0.799133 -0.020997 -0.600787 -0.920392 -0.055861 0.992472 -0.108989 102.085670 0.598553 0.120657 0.791945 0.610896 0.000000 0.000000 0.000000 1.000000
0.805462 -0.027467 -0.592010 -0.784400 -0.053474 0.991482 -0.118756 102.394341 0.590229 0.127311 0.797133 0.754800 0.000000 0.000000 0.000000 1.000000
0.811939 -0.032956 -0.582811 -0.785758 -0.051332 0.990506 -0.127524 102.720146 0.581481 0.133459 0.802539 0.931875 0.000000 0.000000 0.000000 1.000000</float_array><technique_common><accessor source="#Hips-Matrix-animation-output-transform-array" count="49" stride="16"><param type="float4x4"/></accessor></technique_common></source><source id="Hips-Interpolations"><Name_array id="Hips-Interpolations-array" count="49">
 LINEAR LINEAR LINEAR LINEAR LINEAR LINEAR LINEAR LINEAR LINEAR LINEAR LINEAR
LINEAR LINEAR LINEAR LINEAR LINEAR LINEAR LINEAR LINEAR LINEAR LINEAR LINEAR LINEAR
LINEAR LINEAR LINEAR LINEAR LINEAR LINEAR LINEAR LINEAR LINEAR LINEAR LINEAR LINEAR
LINEAR LINEAR LINEAR LINEAR LINEAR LINEAR LINEAR LINEAR LINEAR LINEAR LINEAR LINEAR
LINEAR LINEAR</Name_array><technique_common><accessor source="#Hips-Interpolations-array" count="49"><param type="name"/></accessor></technique_common></source><sampler id="Hips-Matrix-animation-transform"><input semantic="INPUT" source="#Hips-Matrix-animation-input"/><input semantic="OUTPUT" source="#Hips-Matrix-animation-output-transform"/><input semantic="INTERPOLATION" source="#Hips-Interpolations"/></sampler><channel source="#Hips-Matrix-animation-transform" target="Hips/matrix"/></animation>
    <animation id="Spine-anim" name="Spine"><source id="Spine-Matrix-animation-input"><float_array id="Spine-Matrix-animation-input-array" count="49">

0.000000 0.033333 0.066667 0.100000 0.133333 0.166667 0.200000 0.233333 0.266667 0.300000 0.333333 0.366667 0.400000 0.433333 0.466667 0.500000
0.533333 0.566667 0.600000 0.633333 0.666667 0.700000 0.733333 0.766667 0.800000 0.833333 0.866667 0.900000 0.933333 0.966667 1.000000 1.033333
1.066667 1.100000 1.133333 1.166667 1.200000 1.233333 1.266667 1.300000 1.333333 1.366667 1.400000 1.433333 1.466667 1.500000 1.533333 1.566667
1.600000</float_array><technique_common><accessor source="#Spine-Matrix-animation-input-array" count="49"><param name="TIME" type="float"/></accessor></technique_common></source><source id="Spine-Matrix-animation-output-transform"><float_array id="Spine-Matrix-animation-output-transform-array" count="784">

0.993949 -0.076666 0.078663 0.072000 0.082348 0.994019 -0.071735 7.257300 -0.072693 0.077779 0.994317 -0.789700 0.000000 0.000000 0.000000 1.000000
0.994401 -0.074065 0.075376 0.072000 0.079415 0.994335 -0.070643 7.257300 -0.069717 0.076233 0.994650 -0.789700 0.000000 0.000000 0.000000 1.000000
0.995188 -0.069093 0.069473 0.072000 0.073915 0.994846 -0.069413 7.257300 -0.064319 0.074214 0.995166 -0.789700 0.000000 0.000000 0.000000 1.000000
0.996074 -0.062969 0.062213 0.072000 0.067186 0.995408 -0.068186 7.257300 -0.057634 0.072098 0.995731 -0.789700 0.000000 0.000000 0.000000 1.000000
0.996727 -0.057980 0.056329 0.072000 0.061692 0.995874 -0.066558 7.257300 -0.052238 0.069815 0.996191 -0.789700 0.000000 0.000000 0.000000 1.000000
0.996868 -0.056493 0.055335 0.072000 0.059955 0.996209 -0.063034 7.257300 -0.051564 0.066154 0.996476 -0.789700 0.000000 0.000000 0.000000 1.000000
0.996549 -0.056487 0.060818 0.072000 0.059895 0.996647 -0.055750 7.257300 -0.057465 0.059200 0.996591 -0.789700 0.000000 0.000000 0.000000 1.000000
0.995910 -0.053591 0.072748 0.072000 0.056918 0.997388 -0.044459 7.257300 -0.070175 0.048418 0.996359 -0.789700 0.000000 0.000000 0.000000 1.000000
0.994926 -0.044338 0.090308 0.072000 0.047402 0.998361 -0.032066 7.257300 -0.088738 0.036184 0.995398 -0.789700 0.000000 0.000000 0.000000 1.000000
0.993587 -0.023985 0.110494 0.072000 0.026741 0.999365 -0.023530 7.257300 -0.109860 0.026333 0.993598 -0.789700 0.000000 0.000000 0.000000 1.000000
0.992151 -0.002100 0.125027 0.072000 0.004701 0.999778 -0.020516 7.257300 -0.124956 0.020943 0.991941 -0.789700 0.000000 0.000000 0.000000 1.000000
0.991656 0.021395 0.127128 0.072000 -0.018762 0.999585 -0.021877 7.257300 -0.127543 0.019309 0.991645 -0.789700 0.000000 0.000000 0.000000 1.000000
0.992578 0.045907 0.112614 0.072000 -0.043316 0.998740 -0.025352 7.257300 -0.113636 0.020286 0.993315 -0.789700 0.000000 0.000000 0.000000 1.000000
0.994422 0.071139 0.077871 0.072000 -0.068981 0.997165 -0.030064 7.257300 -0.079789 0.024525 0.996510 -0.789700 0.000000 0.000000 0.000000 1.000000
0.996102 0.084134 0.026516 0.072000 -0.083185 0.995917 -0.035068 7.257300 -0.029358 0.032725 0.999033 -0.789700 0.000000 0.000000 0.000000 1.000000
0.997097 0.070350 -0.029139 0.072000 -0.071486 0.996640 -0.039991 7.257300 0.026228 0.041958 0.998775 -0.789700 0.000000 0.000000 0.000000 1.000000
0.997326 0.025245 -0.068580 0.072000 -0.028451 0.998527 -0.046190 7.257300 0.067313 0.048018 0.996576 -0.789700 0.000000 0.000000 0.000000 1.000000
0.996041 -0.030441 -0.083524 0.072000 0.025904 0.998158 -0.054868 7.257300 0.085040 0.052488 0.994994 -0.789700 0.000000 0.000000 0.000000 1.000000
0.994229 -0.070107 -0.081200 0.072000 0.064893 0.995762 -0.065176 7.257300 0.085426 0.059530 0.994565 -0.789700 0.000000 0.000000 0.000000 1.000000
0.993993 -0.088593 -0.064255 0.072000 0.083678 0.993627 -0.075522 7.257300 0.070537 0.069691 0.995072 -0.789700 0.000000 0.000000 0.000000 1.000000
0.994996 -0.085685 -0.051390 0.072000 0.081256 0.993245 -0.082839 7.257300 0.058141 0.078249 0.995237 -0.789700 0.000000 0.000000 0.000000 1.000000
0.996133 -0.072397 -0.049775 0.072000 0.067973 0.994019 -0.085478 7.257300 0.055666 0.081764 0.995096 -0.789700 0.000000 0.000000 0.000000 1.000000
0.997293 -0.044446 -0.058571 0.072000 0.039486 0.995744 -0.083277 7.257300 0.062023 0.080739 0.994804 -0.789700 0.000000 0.000000 0.000000 1.000000
0.998147 -0.014650 -0.059062 0.072000 0.009946 0.996812 -0.079168 7.257300 0.060034 0.078434 0.995110 -0.789700 0.000000 0.000000 0.000000 1.000000
0.998086 0.013154 -0.060419 0.072000 -0.017674 0.997035 -0.074891 7.257300 0.059255 0.075816 0.995360 -0.789700 0.000000 0.000000 0.000000 1.000000
0.997741 0.031593 -0.059287 0.072000 -0.035777 0.996842 -0.070892 7.257300 0.056860 0.072853 0.995721 -0.789700 0.000000 0.000000 0.000000 1.000000
0.997856 0.037142 -0.053884 0.072000 -0.040719 0.996930 -0.066883 7.257300 0.051234 0.068933 0.996305 -0.789700 0.000000 0.000000 0.000000 1.000000
0.998295 0.038435 -0.043924 0.072000 -0.041145 0.997194 -0.062546 7.257300 0.041396 0.064247 0.997075 -0.789700 0.000000 0.000000 0.000000 1.000000
0.998689 0.040967 -0.030705 0.072000 -0.042695 0.997409 -0.057901 7.257300 0.028254 0.059136 0.997850 -0.789700 0.000000 0.000000 0.000000 1.000000
0.998929 0.044091 -0.014065 0.072000 -0.044780 0.997578 -0.053217 7.257300 0.011684 0.053790 0.998484 -0.789700 0.000000 0.000000 0.000000 1.000000
0.999042 0.043587 0.004007 0.072000 -0.043339 0.997860 -0.048954 7.257300 -0.006132 0.048734 0.998793 -0.789700 0.000000 0.000000 0.000000 1.000000
0.999127 0.036541 0.020223 0.072000 -0.035591 0.998330 -0.045497 7.257300 -0.021852 0.044737 0.998760 -0.789700 0.000000 0.000000 0.000000 1.000000
0.999191 0.023016 0.032993 0.072000 -0.021594 0.998849 -0.042834 7.257300 -0.033941 0.042087 0.998537 -0.789700 0.000000 0.000000 0.000000 1.000000
0.999031 0.005842 0.043629 0.072000 -0.004069 0.999166 -0.040619 7.257300 -0.043830 0.040402 0.998222 -0.789700 0.000000 0.000000 0.000000 1.000000
0.998487 -0.012474 0.053557 0.072000 0.014550 0.999151 -0.038556 7.257300 -0.053030 0.039277 0.997820 -0.789700 0.000000 0.000000 0.000000 1.000000
0.997562 -0.029690 0.063155 0.072000 0.032060 0.998807 -0.036844 7.257300 -0.061986 0.038779 0.997323 -0.789700 0.000000 0.000000 0.000000 1.000000
0.996414 -0.044802 0.071779 0.072000 0.047484 0.998219 -0.036105 7.257300 -0.070034 0.039383 0.996767 -0.789700 0.000000 0.000000 0.000000 1.000000
0.995323 -0.056596 0.078290 0.072000 0.059644 0.997528 -0.037150 7.257300 -0.075993 0.041646 0.996238 -0.789700 0.000000 0.000000 0.000000 1.000000
0.994668 -0.062906 0.081718 0.072000 0.066407 0.996956 -0.040842 7.257300 -0.078900 0.046051 0.995818 -0.789700 0.000000 0.000000 0.000000 1.000000
0.994712 -0.062905 0.081180 0.072000 0.066907 0.996625 -0.047557 7.257300 -0.077914 0.052737 0.995564 -0.789700 0.000000 0.000000 0.000000 1.000000
0.995179 -0.060841 0.076917 0.072000 0.065254 0.996283 -0.056229 7.257300 -0.073210 0.060977 0.995451 -0.789700 0.000000 0.000000 0.000000 1.000000
0.995625 -0.060163 0.071498 0.072000 0.064816 0.995801 -0.064645 7.257300 -0.067308 0.068997 0.995344 -0.789700 0.000000 0.000000 0.000000 1.000000
0.995792 -0.061886 0.067582 0.072000 0.066642 0.995280 -0.070542 7.257300 -0.062898 0.074749 0.995217 -0.789700 0.000000 0.000000 0.000000 1.000000
0.995711 -0.064629 0.066203 0.072000 0.069437 0.994905 -0.073096 7.257300 -0.061141 0.077380 0.995125 -0.789700 0.000000 0.000000 0.000000 1.000000
0.995428 -0.067645 0.067433 0.072000 0.072557 0.994669 -0.073275 7.257300 -0.062116 0.077833 0.995029 -0.789700 0.000000 0.000000 0.000000 1.000000
0.994973 -0.070862 0.070762 0.072000 0.075997 0.994452 -0.072732 7.257300 -0.065216 0.077744 0.994838 -0.789700 0.000000 0.000000 0.000000 1.000000
0.994442 -0.074028 0.074861 0.072000 0.079459 0.994206 -0.072386 7.257300 -0.069069 0.077932 0.994563 -0.789700 0.000000 0.000000 0.000000 1.000000
0.994037 -0.076257 0.077947 0.072000 0.081916 0.994022 -0.072181 7.257300 -0.071977 0.078136 0.994341 -0.789700 0.000000 0.000000 0.000000 1.000000
0.993947 -0.076674 0.078679 0.072000 0.082357 0.994018 -0.071726 7.257300 -0.072709 0.077771 0.994316 -0.789700 0.000000 0.000000 0.000000 1.000000</float_array><technique_common><accessor source="#Spine-Matrix-animation-output-transform-array" count="49" stride="16"><param type="float4x4"/></accessor></technique_common></source><source id="Spine-Interpolations"><Name_array id="Spine-Interpolations-array" count="49">
 LINEAR LINEAR LINEAR LINEAR LINEAR LINEAR LINEAR LINEAR LINEAR LINEAR LINEAR
LINEAR LINEAR LINEAR LINEAR LINEAR LINEAR LINEAR LINEAR LINEAR LINEAR LINEAR LINEAR
LINEAR LINEAR LINEAR LINEAR LINEAR LINEAR LINEAR LINEAR LINEAR LINEAR LINEAR LINEAR
LINEAR LINEAR LINEAR LINEAR LINEAR LINEAR LINEAR LINEAR LINEAR LINEAR LINEAR LINEAR
LINEAR LINEAR</Name_array><technique_common><accessor source="#Spine-Interpolations-array" count="49"><param type="name"/></accessor></technique_common></source><sampler id="Spine-Matrix-animation-transform"><input semantic="INPUT" source="#Spine-Matrix-animation-input"/><input semantic="OUTPUT" source="#Spine-Matrix-animation-output-transform"/><input semantic="INTERPOLATION" source="#Spine-Interpolations"/></sampler><channel source="#Spine-Matrix-animation-transform" target="Spine/matrix"/></animation>
    <animation id="Spine1-anim" name="Spine1"><source id="Spine1-Matrix-animation-input"><float_array id="Spine1-Matrix-animation-input-array" count="49">

0.000000 0.033333 0.066667 0.100000 0.133333 0.166667 0.200000 0.233333 0.266667 0.300000 0.333333 0.366667 0.400000 0.433333 0.466667 0.500000
0.533333 0.566667 0.600000 0.633333 0.666667 0.700000 0.733333 0.766667 0.800000 0.833333 0.866667 0.900000 0.933333 0.966667 1.000000 1.033333
1.066667 1.100000 1.133333 1.166667 1.200000 1.233333 1.266667 1.300000 1.333333 1.366667 1.400000 1.433333 1.466667 1.500000 1.533333 1.566667
1.600000</float_array><technique_common><accessor source="#Spine1-Matrix-animation-input-array" count="49"><param name="TIME" type="float"/></accessor></technique_common></source><source id="Spine1-Matrix-animation-output-transform"><float_array id="Spine1-Matrix-animation-output-transform-array" count="784">

0.999505 -0.015115 0.027579 0.000000 0.016188 0.999104 -0.039106 8.466900 -0.026964 0.039533 0.998854 -0.921300 0.000000 0.000000 0.000000 1.000000
0.999598 -0.014243 0.024529 -0.000000 0.015201 0.999112 -0.039306 8.466900 -0.023947 0.039663 0.998926 -0.921300 0.000000 0.000000 0.000000 1.000000
0.999725 -0.013212 0.019388 0.000000 0.013998 0.999062 -0.040972 8.466900 -0.018828 0.041233 0.998972 -0.921300 0.000000 0.000000 0.000000 1.000000
0.999824 -0.012892 0.013614 -0.000000 0.013478 0.998948 -0.043832 8.466900 -0.013034 0.044007 0.998946 -0.921300 0.000000 0.000000 0.000000 1.000000
0.999851 -0.013933 0.010145 -0.000000 0.014389 0.998823 -0.046330 8.466900 -0.009487 0.046469 0.998875 -0.921300 0.000000 0.000000 0.000000 1.000000
0.999805 -0.014957 0.012868 -0.000000 0.015527 0.998848 -0.045415 8.466900 -0.012174 0.045606 0.998885 -0.921300 0.000000 0.000000 0.000000 1.000000
0.999597 -0.012246 0.025604 0.000000 0.013222 0.999180 -0.038276 8.466900 -0.025114 0.038599 0.998939 -0.921300 0.000000 0.000000 0.000000 1.000000
0.998698 -0.003214 0.050916 -0.000000 0.004518 0.999664 -0.025536 8.466900 -0.050816 0.025733 0.998376 -0.921300 0.000000 0.000000 0.000000 1.000000
0.996126 0.009382 0.087439 0.000000 -0.008332 0.999889 -0.012372 8.466900 -0.087546 0.011595 0.996093 -0.921300 0.000000 0.000000 0.000000 1.000000
0.991788 0.018674 0.126518 0.000000 -0.018262 0.999823 -0.004422 8.466900 -0.126579 0.002075 0.991954 -0.921300 0.000000 0.000000 0.000000 1.000000
0.988005 0.020858 0.153004 0.000000 -0.020650 0.999782 -0.002951 8.466900 -0.153032 -0.000243 0.988221 -0.921300 0.000000 0.000000 0.000000 1.000000
0.987983 0.019632 0.153314 0.000000 -0.018854 0.999801 -0.006525 8.466900 -0.153411 0.003556 0.988156 -0.921300 0.000000 0.000000 0.000000 1.000000
0.991946 0.020446 0.125002 0.000000 -0.018648 0.999705 -0.015536 8.466900 -0.125283 0.013080 0.992035 -0.921300 0.000000 0.000000 0.000000 1.000000
0.996732 0.020330 0.078179 -0.000000 -0.017888 0.999334 -0.031807 8.466900 -0.078774 0.030304 0.996432 -0.921300 0.000000 0.000000 0.000000 1.000000
0.999609 0.007460 0.026952 0.000000 -0.005983 0.998497 -0.054474 8.466900 -0.027317 0.054292 0.998151 -0.921300 0.000000 0.000000 0.000000 1.000000
0.999470 -0.025881 -0.019762 0.000000 0.024272 0.996676 -0.077762 8.466900 0.021709 0.077241 0.996776 -0.921300 0.000000 0.000000 0.000000 1.000000
0.995720 -0.071395 -0.058689 0.000000 0.065621 0.993309 -0.095029 8.466900 0.065081 0.090771 0.993743 -0.921300 0.000000 0.000000 0.000000 1.000000
0.990142 -0.109433 -0.087424 0.000000 0.100046 0.989387 -0.105372 8.466900 0.098027 0.095587 0.990583 -0.921300 0.000000 0.000000 0.000000 1.000000
0.986633 -0.126024 -0.103316 0.000000 0.114149 0.986928 -0.113768 8.466900 0.116303 0.100454 0.988121 -0.921300 0.000000 0.000000 0.000000 1.000000
0.986698 -0.122835 -0.106487 0.000000 0.109315 0.986160 -0.124653 8.466900 0.120325 0.111354 0.986470 -0.921300 0.000000 0.000000 0.000000 1.000000
0.988714 -0.110583 -0.101074 0.000000 0.096285 0.985909 -0.136795 8.466900 0.114777 0.125520 0.985429 -0.921300 0.000000 0.000000 0.000000 1.000000
0.991128 -0.096183 -0.091725 0.000000 0.082233 0.985961 -0.145320 8.466900 0.104414 0.136488 0.985124 -0.921300 0.000000 0.000000 0.000000 1.000000
0.993702 -0.078771 -0.079699 0.000000 0.066397 0.986833 -0.147487 8.466900 0.090267 0.141266 0.985848 -0.921300 0.000000 0.000000 0.000000 1.000000
0.996320 -0.056571 -0.064397 0.000000 0.046789 0.988414 -0.144388 8.466900 0.071819 0.140843 0.987423 -0.921300 0.000000 0.000000 0.000000 1.000000
0.998293 -0.032954 -0.048223 -0.000000 0.026012 0.990076 -0.138102 8.466900 0.052295 0.136612 0.989243 -0.921300 0.000000 0.000000 0.000000 1.000000
0.999218 -0.013471 -0.037181 0.000000 0.008549 0.991544 -0.129491 8.466900 0.038611 0.129072 0.990883 -0.921300 0.000000 0.000000 0.000000 1.000000
0.999382 0.000848 -0.035144 0.000000 -0.005022 0.992898 -0.118863 8.466900 0.034794 0.118966 0.992288 -0.921300 0.000000 0.000000 0.000000 1.000000
0.999146 0.014091 -0.038836 0.000000 -0.018171 0.994114 -0.106808 8.466900 0.037102 0.107422 0.993521 -0.921300 0.000000 0.000000 0.000000 1.000000
0.998761 0.029252 -0.040248 0.000000 -0.032921 0.995052 -0.093744 8.466900 0.037306 0.094953 0.994783 -0.921300 0.000000 0.000000 0.000000 1.000000
0.998477 0.043422 -0.034046 0.000000 -0.046034 0.995722 -0.080112 8.466900 0.030422 0.081557 0.996204 -0.921300 0.000000 0.000000 0.000000 1.000000
0.998506 0.050142 -0.021697 0.000000 -0.051491 0.996433 -0.066857 8.466900 0.018267 0.067875 0.997527 -0.921300 0.000000 0.000000 0.000000 1.000000
0.998916 0.045793 -0.008394 0.000000 -0.046186 0.997421 -0.054932 8.466900 0.005856 0.055260 0.998455 -0.921300 0.000000 0.000000 0.000000 1.000000
0.999455 0.032893 0.002756 -0.000000 -0.032738 0.998466 -0.044654 8.466900 -0.004221 0.044539 0.998999 -0.921300 0.000000 0.000000 0.000000 1.000000
0.999764 0.017557 0.012820 0.000000 -0.017089 0.999215 -0.035749 8.466900 -0.013438 0.035522 0.999279 -0.921300 0.000000 0.000000 0.000000 1.000000
0.999693 0.004613 0.024342 0.000000 -0.003929 0.999599 -0.028043 8.466900 -0.024461 0.027939 0.999310 -0.921300 0.000000 0.000000 0.000000 1.000000
0.999274 -0.004669 0.037808 0.000000 0.005505 0.999742 -0.022023 8.466900 -0.037696 0.022215 0.999042 -0.921300 0.000000 0.000000 0.000000 1.000000
0.998651 -0.011161 0.050715 -0.000000 0.012112 0.999756 -0.018479 8.466900 -0.050496 0.019068 0.998542 -0.921300 0.000000 0.000000 0.000000 1.000000
0.998125 -0.015663 0.059165 0.000000 0.016754 0.999698 -0.017982 8.466900 -0.058865 0.018939 0.998086 -0.921300 0.000000 0.000000 0.000000 1.000000
0.998007 -0.018465 0.060338 0.000000 0.019764 0.999584 -0.021005 8.466900 -0.059925 0.022156 0.997957 -0.921300 0.000000 0.000000 0.000000 1.000000
0.998320 -0.020085 0.054350 0.000000 0.021624 0.999377 -0.027881 8.466900 -0.053756 0.029009 0.998133 -0.921300 0.000000 0.000000 0.000000 1.000000
0.998790 -0.021307 0.044322 0.000000 0.022990 0.999020 -0.037810 8.466900 -0.043473 0.038783 0.998302 -0.921300 0.000000 0.000000 0.000000 1.000000
0.999158 -0.022394 0.034364 0.000000 0.024032 0.998558 -0.048009 8.466900 -0.033240 0.048795 0.998256 -0.921300 0.000000 0.000000 0.000000 1.000000
0.999370 -0.022882 0.027143 -0.000000 0.024343 0.998203 -0.054753 8.466900 -0.025842 0.055379 0.998131 -0.921300 0.000000 0.000000 0.000000 1.000000
0.999481 -0.022324 0.023231 0.000000 0.023595 0.998154 -0.055972 8.466900 -0.021939 0.056491 0.998162 -0.921300 0.000000 0.000000 0.000000 1.000000
0.999536 -0.020896 0.022183 0.000000 0.022041 0.998368 -0.052684 8.466900 -0.021046 0.053149 0.998365 -0.921300 0.000000 0.000000 0.000000 1.000000
0.999544 -0.019176 0.023331 -0.000000 0.020273 0.998655 -0.047725 8.466900 -0.022385 0.048176 0.998588 -0.921300 0.000000 0.000000 0.000000 1.000000
0.999518 -0.017601 0.025568 0.000000 0.018701 0.998881 -0.043436 8.466900 -0.024774 0.043893 0.998729 -0.921300 0.000000 0.000000 0.000000 1.000000
0.999492 -0.016276 0.027401 0.000000 0.017382 0.999024 -0.040618 8.466900 -0.026713 0.041073 0.998799 -0.921300 0.000000 0.000000 0.000000 1.000000
0.999504 -0.015121 0.027608 0.000000 0.016195 0.999104 -0.039097 8.466900 -0.026992 0.039525 0.998854 -0.921300 0.000000 0.000000 0.000000 1.000000</float_array><technique_common><accessor source="#Spine1-Matrix-animation-output-transform-array" count="49" stride="16"><param type="float4x4"/></accessor></technique_common></source><source id="Spine1-Interpolations"><Name_array id="Spine1-Interpolations-array" count="49">
 LINEAR LINEAR LINEAR LINEAR LINEAR LINEAR LINEAR LINEAR LINEAR LINEAR LINEAR
LINEAR LINEAR LINEAR LINEAR LINEAR LINEAR LINEAR LINEAR LINEAR LINEAR LINEAR LINEAR
LINEAR LINEAR LINEAR LINEAR LINEAR LINEAR LINEAR LINEAR LINEAR LINEAR LINEAR LINEAR
LINEAR LINEAR LINEAR LINEAR LINEAR LINEAR LINEAR LINEAR LINEAR LINEAR LINEAR LINEAR
LINEAR LINEAR</Name_array><technique_common><accessor source="#Spine1-Interpolations-array" count="49"><param type="name"/></accessor></technique_common></source><sampler id="Spine1-Matrix-animation-transform"><input semantic="INPUT" source="#Spine1-Matrix-animation-input"/><input semantic="OUTPUT" source="#Spine1-Matrix-animation-output-transform"/><input semantic="INTERPOLATION" source="#Spine1-Interpolations"/></sampler><channel source="#Spine1-Matrix-animation-transform" target="Spine1/matrix"/></animation>
    <animation id="Spine2-anim" name="Spine2"><source id="Spine2-Matrix-animation-input"><float_array id="Spine2-Matrix-animation-input-array" count="49">

0.000000 0.033333 0.066667 0.100000 0.133333 0.166667 0.200000 0.233333 0.266667 0.300000 0.333333 0.366667 0.400000 0.433333 0.466667 0.500000
0.533333 0.566667 0.600000 0.633333 0.666667 0.700000 0.733333 0.766667 0.800000 0.833333 0.866667 0.900000 0.933333 0.966667 1.000000 1.033333
1.066667 1.100000 1.133333 1.166667 1.200000 1.233333 1.266667 1.300000 1.333333 1.366667 1.400000 1.433333 1.466667 1.500000 1.533333 1.566667
1.600000</float_array><technique_common><accessor source="#Spine2-Matrix-animation-input-array" count="49"><param name="TIME" type="float"/></accessor></technique_common></source><source id="Spine2-Matrix-animation-output-transform"><float_array id="Spine2-Matrix-animation-output-transform-array" count="784">

0.999481 -0.014202 0.028916 0.000000 0.015311 0.999141 -0.038505 29.059401 -0.028344 0.038928 0.998840 -1.052900 0.000000 0.000000 0.000000 1.000000
0.999577 -0.013342 0.025846 -0.000000 0.014338 0.999147 -0.038728 29.059401 -0.025307 0.039083 0.998915 -1.052900 0.000000 0.000000 0.000000 1.000000
0.999710 -0.012334 0.020699 0.000000 0.013164 0.999095 -0.040438 29.059401 -0.020182 0.040699 0.998968 -1.052900 0.000000 0.000000 0.000000 1.000000
0.999816 -0.012050 0.014925 0.000000 0.012687 0.998979 -0.043361 29.059401 -0.014387 0.043542 0.998948 -1.052900 0.000000 0.000000 0.000000 1.000000
0.999848 -0.013133 0.011431 0.000000 0.013645 0.998851 -0.045934 29.059401 -0.010815 0.046083 0.998879 -1.052900 0.000000 0.000000 0.000000 1.000000
0.999800 -0.014198 0.014075 0.000000 0.014819 0.998875 -0.045052 29.059401 -0.013420 0.045251 0.998885 -1.052900 0.000000 0.000000 0.000000 1.000000
0.999577 -0.011538 0.026680 0.000000 0.012543 0.999206 -0.037807 29.059401 -0.026223 0.038126 0.998929 -1.052900 0.000000 0.000000 0.000000 1.000000
0.998652 -0.002591 0.051846 -0.000000 0.003880 0.999686 -0.024773 29.059401 -0.051765 0.024941 0.998348 -1.052900 0.000000 0.000000 0.000000 1.000000
0.996051 0.009859 0.088234 -0.000000 -0.008904 0.999898 -0.011211 29.059401 -0.088335 0.010381 0.996037 -1.052900 0.000000 0.000000 0.000000 1.000000
0.991701 0.018936 0.127160 0.000000 -0.018709 0.999821 -0.002980 29.059401 -0.127193 0.000576 0.991878 -1.052900 0.000000 0.000000 0.000000 1.000000
0.987936 0.020865 0.153451 -0.000000 -0.020864 0.999781 -0.001617 29.059401 -0.153451 -0.001604 0.988155 -1.052900 0.000000 0.000000 0.000000 1.000000
0.987940 0.019400 0.153617 0.000000 -0.018741 0.999808 -0.005741 29.059401 -0.153699 0.002793 0.988114 -1.052900 0.000000 0.000000 0.000000 1.000000
0.991912 0.020057 0.125334 -0.000000 -0.018269 0.999715 -0.015397 29.059401 -0.125607 0.012983 0.991995 -1.052900 0.000000 0.000000 0.000000 1.000000
0.996708 0.019972 0.078574 0.000000 -0.017499 0.999333 -0.032037 29.059401 -0.079161 0.030556 0.996393 -1.052900 0.000000 0.000000 0.000000 1.000000
0.999607 0.007432 0.027040 0.000000 -0.005944 0.998486 -0.054682 29.059401 -0.027406 0.054500 0.998138 -1.052900 0.000000 0.000000 0.000000 1.000000
0.999466 -0.025395 -0.020576 0.000000 0.023727 0.996705 -0.077570 29.059401 0.022478 0.077040 0.996775 -1.052900 0.000000 0.000000 0.000000 1.000000
0.995658 -0.070589 -0.060675 0.000000 0.064693 0.993450 -0.094187 29.059401 0.066926 0.089853 0.993704 -1.052900 0.000000 0.000000 0.000000 1.000000
0.989960 -0.108809 -0.090221 0.000000 0.099316 0.989630 -0.103770 29.059401 0.100576 0.093768 0.990501 -1.052900 0.000000 0.000000 0.000000 1.000000
0.986316 -0.125974 -0.106353 0.000000 0.114068 0.987201 -0.111458 29.059401 0.119033 0.097801 0.988062 -1.052900 0.000000 0.000000 0.000000 1.000000
0.986301 -0.123296 -0.109585 -0.000000 0.109765 0.986448 -0.121954 29.059401 0.123136 0.108255 0.986468 -1.052900 0.000000 0.000000 0.000000 1.000000
0.988299 -0.111128 -0.104475 -0.000000 0.096718 0.986233 -0.134124 29.059401 0.117942 0.122450 0.985442 -1.052900 0.000000 0.000000 0.000000 1.000000
0.990735 -0.096422 -0.095641 -0.000000 0.082195 0.986315 -0.142925 29.059401 0.108113 0.133739 0.985102 -1.052900 0.000000 0.000000 0.000000 1.000000
0.993355 -0.078661 -0.084013 -0.000000 0.065870 0.987172 -0.145441 29.059401 0.094376 0.138940 0.985793 -1.052900 0.000000 0.000000 0.000000 1.000000
0.996042 -0.056340 -0.068752 0.000000 0.046074 0.988692 -0.142706 29.059401 0.076014 0.138974 0.987374 -1.052900 0.000000 0.000000 0.000000 1.000000
0.998096 -0.032808 -0.052226 0.000000 0.025394 0.990277 -0.136774 29.059401 0.056206 0.135188 0.989225 -1.052900 0.000000 0.000000 0.000000 1.000000
0.999089 -0.013399 -0.040528 0.000000 0.008089 0.991683 -0.128450 29.059401 0.041912 0.128005 0.990888 -1.052900 0.000000 0.000000 0.000000 1.000000
0.999289 0.000993 -0.037678 0.000000 -0.005435 0.993000 -0.117990 29.059401 0.037297 0.118111 0.992300 -1.052900 0.000000 0.000000 0.000000 1.000000
0.999073 0.014398 -0.040575 -0.000000 -0.018633 0.994192 -0.105994 29.059401 0.038813 0.106652 0.993539 -1.052900 0.000000 0.000000 0.000000 1.000000
0.998705 0.029668 -0.041338 -0.000000 -0.033410 0.995106 -0.092990 29.059401 0.038377 0.094250 0.994809 -1.052900 0.000000 0.000000 0.000000 1.000000
0.998438 0.043820 -0.034674 0.000000 -0.046464 0.995751 -0.079506 29.059401 0.031043 0.080993 0.996231 -1.052900 0.000000 0.000000 0.000000 1.000000
0.998484 0.050450 -0.022034 -0.000000 -0.051813 0.996445 -0.066426 29.059401 0.018604 0.067467 0.997548 -1.052900 0.000000 0.000000 0.000000 1.000000
0.998903 0.046026 -0.008569 0.000000 -0.046427 0.997428 -0.054608 29.059401 0.006034 0.054946 0.998471 -1.052900 0.000000 0.000000 0.000000 1.000000
0.999448 0.033111 0.002671 -0.000000 -0.032960 0.998471 -0.044368 29.059401 -0.004136 0.044256 0.999012 -1.052900 0.000000 0.000000 0.000000 1.000000
0.999759 0.017810 0.012829 -0.000000 -0.017346 0.999221 -0.035461 29.059401 -0.013450 0.035229 0.999289 -1.052900 0.000000 0.000000 0.000000 1.000000
0.999688 0.004928 0.024491 0.000000 -0.004248 0.999607 -0.027709 29.059401 -0.024618 0.027597 0.999316 -1.052900 0.000000 0.000000 0.000000 1.000000
0.999264 -0.004287 0.038124 -0.000000 0.005113 0.999754 -0.021595 29.059401 -0.038022 0.021774 0.999040 -1.052900 0.000000 0.000000 0.000000 1.000000
0.998633 -0.010720 0.051159 0.000000 0.011651 0.999771 -0.017925 29.059401 -0.050956 0.018497 0.998530 -1.052900 0.000000 0.000000 0.000000 1.000000
0.998102 -0.015180 0.059679 0.000000 0.016240 0.999718 -0.017318 29.059401 -0.059399 0.018254 0.998067 -1.052900 0.000000 0.000000 0.000000 1.000000
0.997981 -0.017946 0.060918 0.000000 0.019214 0.999609 -0.020294 29.059401 -0.060530 0.021423 0.997936 -1.052900 0.000000 0.000000 0.000000 1.000000
0.998291 -0.019519 0.055077 -0.000000 0.021041 0.999409 -0.027201 29.059401 -0.054514 0.028314 0.998112 -1.052900 0.000000 0.000000 0.000000 1.000000
0.998759 -0.020670 0.045305 0.000000 0.022364 0.999057 -0.037218 29.059401 -0.044493 0.038185 0.998280 -1.052900 0.000000 0.000000 0.000000 1.000000
0.999130 -0.021673 0.035635 -0.000000 0.023357 0.998597 -0.047519 29.059401 -0.034555 0.048310 0.998234 -1.052900 0.000000 0.000000 0.000000 1.000000
0.999347 -0.022088 0.028612 -0.000000 0.023619 0.998243 -0.054343 29.059401 -0.027362 0.054984 0.998112 -1.052900 0.000000 0.000000 0.000000 1.000000
0.999463 -0.021484 0.024756 -0.000000 0.022834 0.998192 -0.055597 29.059401 -0.023517 0.056133 0.998146 -1.052900 0.000000 0.000000 0.000000 1.000000
0.999519 -0.020036 0.023665 -0.000000 0.021252 0.998406 -0.052292 29.059401 -0.022580 0.052770 0.998351 -1.052900 0.000000 0.000000 0.000000 1.000000
0.999526 -0.018303 0.024750 0.000000 0.019458 0.998692 -0.047275 29.059401 -0.023852 0.047735 0.998575 -1.052900 0.000000 0.000000 0.000000 1.000000
0.999497 -0.016711 0.026945 0.000000 0.017859 0.998919 -0.042918 29.059401 -0.026199 0.043377 0.998715 -1.052900 0.000000 0.000000 0.000000 1.000000
0.999468 -0.015370 0.028757 -0.000000 0.016516 0.999061 -0.040043 29.059401 -0.028115 0.040496 0.998784 -1.052900 0.000000 0.000000 0.000000 1.000000
0.999480 -0.014209 0.028944 0.000000 0.015319 0.999141 -0.038496 29.059401 -0.028372 0.038920 0.998839 -1.052900 0.000000 0.000000 0.000000 1.000000</float_array><technique_common><accessor source="#Spine2-Matrix-animation-output-transform-array" count="49" stride="16"><param type="float4x4"/></accessor></technique_common></source><source id="Spine2-Interpolations"><Name_array id="Spine2-Interpolations-array" count="49">
 LINEAR LINEAR LINEAR LINEAR LINEAR LINEAR LINEAR LINEAR LINEAR LINEAR LINEAR
LINEAR LINEAR LINEAR LINEAR LINEAR LINEAR LINEAR LINEAR LINEAR LINEAR LINEAR LINEAR
LINEAR LINEAR LINEAR LINEAR LINEAR LINEAR LINEAR LINEAR LINEAR LINEAR LINEAR LINEAR
LINEAR LINEAR LINEAR LINEAR LINEAR LINEAR LINEAR LINEAR LINEAR LINEAR LINEAR LINEAR
LINEAR LINEAR</Name_array><technique_common><accessor source="#Spine2-Interpolations-array" count="49"><param type="name"/></accessor></technique_common></source><sampler id="Spine2-Matrix-animation-transform"><input semantic="INPUT" source="#Spine2-Matrix-animation-input"/><input semantic="OUTPUT" source="#Spine2-Matrix-animation-output-transform"/><input semantic="INTERPOLATION" source="#Spine2-Interpolations"/></sampler><channel source="#Spine2-Matrix-animation-transform" target="Spine2/matrix"/></animation>
    <animation id="Neck-anim" name="Neck"><source id="Neck-Matrix-animation-input"><float_array id="Neck-Matrix-animation-input-array" count="49">

0.000000 0.033333 0.066667 0.100000 0.133333 0.166667 0.200000 0.233333 0.266667 0.300000 0.333333 0.366667 0.400000 0.433333 0.466667 0.500000
0.533333 0.566667 0.600000 0.633333 0.666667 0.700000 0.733333 0.766667 0.800000 0.833333 0.866667 0.900000 0.933333 0.966667 1.000000 1.033333
1.066667 1.100000 1.133333 1.166667 1.200000 1.233333 1.266667 1.300000 1.333333 1.366667 1.400000 1.433333 1.466667 1.500000 1.533333 1.566667
1.600000</float_array><technique_common><accessor source="#Neck-Matrix-animation-input-array" count="49"><param name="TIME" type="float"/></accessor></technique_common></source><source id="Neck-Matrix-animation-output-transform"><float_array id="Neck-Matrix-animation-output-transform-array" count="784">

0.997848 0.011640 0.064532 0.000000 -0.013822 0.999344 0.033471 14.033300 -0.064100 -0.034291 0.997354 7.520400 0.000000 0.000000 0.000000 1.000000
0.997766 0.015306 0.065030 0.000000 -0.017381 0.999354 0.031465 14.033300 -0.064507 -0.032525 0.997387 7.520400 0.000000 0.000000 0.000000 1.000000
0.997618 0.020242 0.065939 -0.000000 -0.021970 0.999431 0.025591 14.033300 -0.065383 -0.026979 0.997495 7.520400 0.000000 0.000000 0.000000 1.000000
0.997474 0.025822 0.066173 0.000000 -0.026961 0.999502 0.016383 14.033300 -0.065717 -0.018125 0.997674 7.520400 0.000000 0.000000 0.000000 1.000000
0.997580 0.029756 0.062846 0.000000 -0.030132 0.999533 0.005050 14.033300 -0.062666 -0.006932 0.998010 7.520400 0.000000 0.000000 0.000000 1.000000
0.998255 0.027880 0.052063 0.000000 -0.027596 0.999600 -0.006173 14.033300 -0.052215 0.004726 0.998625 7.520400 0.000000 0.000000 0.000000 1.000000
0.999369 0.016194 0.031620 0.000000 -0.015741 0.999771 -0.014516 14.033300 -0.031848 0.014009 0.999395 7.520400 0.000000 0.000000 0.000000 1.000000
0.999981 -0.004999 0.003602 -0.000000 0.005066 0.999810 -0.018834 14.033300 -0.003507 0.018852 0.999816 7.520400 0.000000 0.000000 0.000000 1.000000
0.999286 -0.028066 -0.025293 0.000000 0.027509 0.999378 -0.022072 14.033300 0.025897 0.021360 0.999436 7.520400 0.000000 0.000000 0.000000 1.000000
