<?xml version="1.0" encoding="utf-8"?>
<COLLADA xmlns="http://www.collada.org/2005/11/COLLADASchema" version="1.4.1">
  <asset><contributor><author>Mixamo</author><authoring_tool>COLLADA Mixamo exporter</authoring_tool><comments></comments></contributor><created>2021-04-08T02:13:34Z</created><modified>2021-04-08T02:13:34Z</modified><revision></revision><title></title><unit meter="0.010000"/><up_axis>Y_UP</up_axis></asset>
  <library_animations>
    <animation id="Hips-anim" name="Hips"><source id="Hips-Matrix-animation-input"><float_array id="Hips-Matrix-animation-input-array" count="455">

0.000000 0.033333 0.066667 0.100000 0.133333 0.166667 0.200000 0.233333 0.266667 0.300000 0.333333 0.366667 0.400000 0.433333 0.466667 0.500000
0.533333 0.566667 0.600000 0.633333 0.666667 0.700000 0.733333 0.766667 0.800000 0.833333 0.866667 0.900000 0.933333 0.966667 1.000000 1.033333
1.066667 1.100000 1.133333 1.166667 1.200000 1.233333 1.266667 1.300000 1.333333 1.366667 1.400000 1.433333 1.466667 1.500000 1.533333 1.566667
1.600000 1.633333 1.666667 1.700000 1.733333 1.766667 1.800000 1.833333 1.866667 1.900000 1.933333 1.966667 2.000000 2.033333 2.066667 2.100000
2.133333 2.166667 2.200000 2.233333 2.266667 2.300000 2.333333 2.366667 2.400000 2.433333 2.466667 2.500000 2.533333 2.566667 2.600000 2.633333
2.666667 2.700000 2.733333 2.766667 2.800000 2.833333 2.866667 2.900000 2.933333 2.966667 3.000000 3.033333 3.066667 3.100000 3.133333 3.166667
3.200000 3.233333 3.266667 3.300000 3.333333 3.366667 3.400000 3.433333 3.466667 3.500000 3.533333 3.566667 3.600000 3.633333 3.666667 3.700000
3.733333 3.766667 3.800000 3.833333 3.866667 3.900000 3.933333 3.966667 4.000000 4.033333 4.066667 4.100000 4.133333 4.166667 4.200000 4.233333
4.266667 4.300000 4.333333 4.366667 4.400000 4.433333 4.466667 4.500000 4.533333 4.566667 4.600000 4.633333 4.666667 4.700000 4.733333 4.766667
4.800000 4.833333 4.866667 4.900000 4.933333 4.966667 5.000000 5.033333 5.066667 5.100000 5.133333 5.166667 5.200000 5.233333 5.266667 5.300000
5.333333 5.366667 5.400000 5.433333 5.466667 5.500000 5.533333 5.566667 5.600000 5.633333 5.666667 5.700000 5.733333 5.766667 5.800000 5.833333
5.866667 5.900000 5.933333 5.966667 6.000000 6.033333 6.066667 6.100000 6.133333 6.166667 6.200000 6.233333 6.266667 6.300000 6.333333 6.366667
6.400000 6.433333 6.466667 6.500000 6.533333 6.566667 6.600000 6.633333 6.666667 6.700000 6.733333 6.766667 6.800000 6.833333 6.866667 6.900000
6.933333 6.966667 7.000000 7.033333 7.066667 7.100000 7.133333 7.166667 7.200000 7.233333 7.266667 7.300000 7.333333 7.366667 7.400000 7.433333
7.466667 7.500000 7.533333 7.566667 7.600000 7.633333 7.666667 7.700000 7.733333 7.766667 7.800000 7.833333 7.866667 7.900000 7.933333 7.966667
8.000000 8.033333 8.066667 8.100000 8.133333 8.166667 8.200000 8.233333 8.266667 8.300000 8.333333 8.366667 8.400000 8.433333 8.466667 8.500000
8.533333 8.566667 8.600000 8.633333 8.666667 8.700000 8.733333 8.766667 8.800000 8.833333 8.866667 8.900000 8.933333 8.966667 9.000000 9.033333
9.066667 9.100000 9.133333 9.166667 9.200000 9.233333 9.266667 9.300000 9.333333 9.366667 9.400000 9.433333 9.466667 9.500000 9.533333 9.566667
9.600000 9.633333 9.666667 9.700000 9.733333 9.766667 9.800000 9.833333 9.866667 9.900000 9.933333 9.966667 10.000000 10.033333 10.066667 10.100000
10.133333 10.166667 10.200000 10.233333 10.266667 10.300000 10.333333 10.366667 10.400000 10.433333 10.466667 10.500000 10.533333 10.566667 10.600000 10.633333
10.666667 10.700000 10.733333 10.766667 10.800000 10.833333 10.866667 10.900000 10.933333 10.966667 11.000000 11.033333 11.066667 11.100000 11.133333 11.166667
11.200000 11.233333 11.266667 11.300000 11.333333 11.366667 11.400000 11.433333 11.466667 11.500000 11.533333 11.566667 11.600000 11.633333 11.666667 11.700000
11.733333 11.766667 11.800000 11.833333 11.866667 11.900000 11.933333 11.966667 12.000000 12.033333 12.066667 12.100000 12.133333 12.166667 12.200000 12.233333
12.266667 12.300000 12.333333 12.366667 12.400000 12.433333 12.466667 12.500000 12.533333 12.566667 12.600000 12.633333 12.666667 12.700000 12.733333 12.766667
12.800000 12.833333 12.866667 12.900000 12.933333 12.966667 13.000000 13.033333 13.066667 13.100000 13.133333 13.166667 13.200000 13.233333 13.266667 13.300000
13.333333 13.366667 13.400000 13.433333 13.466667 13.500000 13.533333 13.566667 13.600000 13.633333 13.666667 13.700000 13.733333 13.766667 13.800000 13.833333
13.866667 13.900000 13.933333 13.966667 14.000000 14.033333 14.066667 14.100000 14.133333 14.166667 14.200000 14.233333 14.266667 14.300000 14.333333 14.366667
14.400000 14.433333 14.466667 14.500000 14.533333 14.566667 14.600000 14.633333 14.666667 14.700000 14.733333 14.766667 14.800000 14.833333 14.866667 14.900000
14.933333 14.966667 15.000000 15.033333 15.066667 15.100000 15.133333</float_array><technique_common><accessor source="#Hips-Matrix-animation-input-array" count="455"><param name="TIME" type="float"/></accessor></technique_common></source><source id="Hips-Matrix-animation-output-transform"><float_array id="Hips-Matrix-animation-output-transform-array" count="7280">

0.998154 -0.058559 -0.016092 0.521899 0.059280 0.997050 0.048763 112.993591 0.013189 -0.049627 0.998681 1.452046 0.000000 0.000000 0.000000 1.000000
0.998078 -0.059680 -0.016680 0.543229 0.060429 0.996981 0.048763 112.971008 0.013719 -0.049677 0.998671 1.534738 0.000000 0.000000 0.000000 1.000000
0.998014 -0.060548 -0.017356 0.564338 0.061332 0.996917 0.048941 112.953766 0.014339 -0.049908 0.998651 1.626776 0.000000 0.000000 0.000000 1.000000
0.997969 -0.061115 -0.017981 0.588526 0.061936 0.996860 0.049333 112.929398 0.014909 -0.050347 0.998621 1.727426 0.000000 0.000000 0.000000 1.000000
0.997899 -0.062102 -0.018455 0.625599 0.062955 0.996766 0.049939 112.878510 0.015294 -0.050996 0.998582 1.840563 0.000000 0.000000 0.000000 1.000000
0.997716 -0.065013 -0.018343 0.678051 0.065860 0.996569 0.050122 112.783089 0.015021 -0.051215 0.998575 1.970384 0.000000 0.000000 0.000000 1.000000
0.997391 -0.070354 -0.016177 0.719826 0.071064 0.996289 0.048568 112.623001 0.012700 -0.049591 0.998689 2.097487 0.000000 0.000000 0.000000 1.000000
0.997013 -0.076522 -0.010447 0.718791 0.076915 0.996035 0.044700 112.386772 0.006985 -0.045371 0.998946 2.165533 0.000000 0.000000 0.000000 1.000000
0.996651 -0.081737 -0.002421 0.693330 0.081768 0.995844 0.040097 112.079636 -0.000867 -0.040161 0.999193 2.115353 0.000000 0.000000 0.000000 1.000000
0.995975 -0.089562 0.003652 0.689676 0.089357 0.995258 0.038431 111.452545 -0.007077 -0.037950 0.999255 2.045640 0.000000 0.000000 0.000000 1.000000
0.994516 -0.104472 0.004930 0.701634 0.104163 0.993616 0.043324 110.037827 -0.009425 -0.042573 0.999049 2.239188 0.000000 0.000000 0.000000 1.000000
0.992529 -0.121986 0.002520 0.606351 0.121666 0.991056 0.054826 108.078873 -0.009186 -0.054110 0.998493 2.801939 0.000000 0.000000 0.000000 1.000000
0.990452 -0.137856 0.000851 0.392027 0.137472 0.988117 0.068744 105.945206 -0.010318 -0.067971 0.997634 3.716975 0.000000 0.000000 0.000000 1.000000
0.989504 -0.144488 0.002379 0.193413 0.143845 0.986410 0.079397 104.346359 -0.013819 -0.078222 0.996840 4.715322 0.000000 0.000000 0.000000 1.000000
0.990486 -0.137451 0.006689 0.078571 0.136428 0.987158 0.083106 103.637047 -0.018026 -0.081403 0.996518 5.630387 0.000000 0.000000 0.000000 1.000000
0.992723 -0.119635 0.013717 -0.002669 0.118183 0.989800 0.079551 103.423309 -0.023095 -0.077351 0.996736 6.596904 0.000000 0.000000 0.000000 1.000000
0.995122 -0.095513 0.024684 -0.133730 0.093619 0.993218 0.068951 103.352516 -0.031102 -0.066304 0.997315 7.704010 0.000000 0.000000 0.000000 1.000000
0.996845 -0.068466 0.040152 -0.277376 0.066415 0.996521 0.050355 103.443138 -0.043460 -0.047530 0.997924 8.897371 0.000000 0.000000 0.000000 1.000000
0.997542 -0.038186 0.058743 -0.311197 0.036810 0.999026 0.024332 103.983452 -0.059615 -0.022109 0.997977 10.089212 0.000000 0.000000 0.000000 1.000000
0.997059 -0.004032 0.076529 -0.153978 0.004465 0.999975 -0.005488 105.006210 -0.076505 0.005813 0.997052 11.338857 0.000000 0.000000 0.000000 1.000000
0.995622 0.033704 0.087185 0.143908 -0.030889 0.998963 -0.033437 106.178360 -0.088222 0.030598 0.995631 12.791665 0.000000 0.000000 0.000000 1.000000
0.993899 0.070732 0.084632 0.476169 -0.066232 0.996296 -0.054850 107.397552 -0.088198 0.048910 0.994901 14.509615 0.000000 0.000000 0.000000 1.000000
0.992608 0.100822 0.067555 0.781212 -0.096118 0.992933 -0.069606 108.658035 -0.074095 0.062599 0.995285 16.410860 0.000000 0.000000 0.000000 1.000000
0.992012 0.119707 0.039776 1.026709 -0.116251 0.989986 -0.080085 110.016991 -0.048964 0.074821 0.995994 18.357227 0.000000 0.000000 0.000000 1.000000
0.991981 0.126224 0.006401 1.166864 -0.125209 0.988376 -0.086225 111.570702 -0.017210 0.084732 0.996255 20.301821 0.000000 0.000000 0.000000 1.000000
0.992375 0.119671 -0.029494 1.108844 -0.121795 0.988841 -0.085792 113.148590 0.018898 0.088731 0.995876 22.480520 0.000000 0.000000 0.000000 1.000000
0.992537 0.101851 -0.067057 0.826209 -0.106952 0.991241 -0.077472 114.239822 0.058579 0.084066 0.994737 25.249960 0.000000 0.000000 0.000000 1.000000
0.991253 0.081830 -0.103546 0.374521 -0.088543 0.994142 -0.061979 114.580200 0.097868 0.070605 0.992692 28.673012 0.000000 0.000000 0.000000 1.000000
0.988730 0.074787 -0.129689 -0.267598 -0.080697 0.995898 -0.040922 114.377205 0.126097 0.050926 0.990710 32.428082 0.000000 0.000000 0.000000 1.000000
0.987419 0.080193 -0.136284 -1.098681 -0.082995 0.996437 -0.014998 113.072998 0.134595 0.026121 0.990556 36.193810 0.000000 0.000000 0.000000 1.000000
0.987064 0.103755 -0.122225 -2.024384 -0.102780 0.994602 0.014277 111.297340 0.123047 -0.001530 0.992400 39.433193 0.000000 0.000000 0.000000 1.000000
0.985746 0.139367 -0.094238 -2.795385 -0.135810 0.989793 0.043192 109.254807 0.099296 -0.029778 0.994612 42.170708 0.000000 0.000000 0.000000 1.000000
0.982428 0.176734 -0.060007 -3.266799 -0.172552 0.982585 0.068942 106.979012 0.071146 -0.057376 0.995814 44.647369 0.000000 0.000000 0.000000 1.000000
0.978157 0.206082 -0.027177 -3.478605 -0.202910 0.975018 0.090370 104.742149 0.045121 -0.082882 0.995537 47.187702 0.000000 0.000000 0.000000 1.000000
0.976037 0.217476 -0.007433 -3.530051 -0.215514 0.970825 0.105134 103.149437 0.030080 -0.101013 0.994430 50.318672 0.000000 0.000000 0.000000 1.000000
0.977102 0.212567 -0.009334 -3.491326 -0.210304 0.971500 0.109361 102.388893 0.032315 -0.104894 0.993958 54.274776 0.000000 0.000000 0.000000 1.000000
0.979579 0.198228 -0.033640 -3.338591 -0.193929 0.975679 0.102187 102.528992 0.053078 -0.093577 0.994196 58.903343 0.000000 0.000000 0.000000 1.000000
0.981095 0.179575 -0.072145 -3.216635 -0.173132 0.981012 0.087410 103.789932 0.086472 -0.073267 0.993557 63.718426 0.000000 0.000000 0.000000 1.000000
0.980549 0.160209 -0.113392 -3.296170 -0.153013 0.985770 0.069600 105.990250 0.122929 -0.050896 0.991109 68.395668 0.000000 0.000000 0.000000 1.000000
0.980184 0.126560 -0.152387 -3.317093 -0.120149 0.991465 0.050605 107.890373 0.157491 -0.031293 0.987024 72.441284 0.000000 0.000000 0.000000 1.000000
0.979155 0.088766 -0.182692 -3.249580 -0.084580 0.995947 0.030593 109.980057 0.184667 -0.014504 0.982694 75.944405 0.000000 0.000000 0.000000 1.000000
0.977792 0.050378 -0.203435 -3.066400 -0.048682 0.998725 0.013334 112.066757 0.203847 -0.003135 0.978998 78.928757 0.000000 0.000000 0.000000 1.000000
0.976040 0.014596 -0.217101 -2.801100 -0.013932 0.999892 0.004588 114.038651 0.217145 -0.001453 0.976138 81.652672 0.000000 0.000000 0.000000 1.000000
0.973740 -0.015209 -0.227156 -2.480617 0.016779 0.999847 0.004983 115.761261 0.227046 -0.008664 0.973846 84.524910 0.000000 0.000000 0.000000 1.000000
0.971338 -0.041056 -0.234130 -2.103561 0.044152 0.998993 0.007992 116.449417 0.233566 -0.018100 0.972173 87.747833 0.000000 0.000000 0.000000 1.000000
0.970975 -0.057721 -0.232112 -1.786063 0.061085 0.998106 0.007326 116.099762 0.231250 -0.021292 0.972661 91.702560 0.000000 0.000000 0.000000 1.000000
0.972998 -0.076590 -0.217738 -1.538073 0.079243 0.996849 0.003465 114.954399 0.216786 -0.020625 0.976001 96.097694 0.000000 0.000000 0.000000 1.000000
0.975721 -0.101902 -0.193868 -1.359434 0.104233 0.994551 0.001829 112.788177 0.192625 -0.021992 0.981026 100.337265 0.000000 0.000000 0.000000 1.000000
0.975167 -0.140389 -0.171291 -1.269519 0.143171 0.989690 0.003933 109.612267 0.168973 -0.028359 0.985213 103.903938 0.000000 0.000000 0.000000 1.000000
0.969427 -0.188535 -0.157051 -1.226171 0.191806 0.981416 0.005799 106.169838 0.153039 -0.035745 0.987574 106.728355 0.000000 0.000000 0.000000 1.000000
0.963124 -0.226830 -0.144704 -1.232409 0.230421 0.973055 0.008331 103.777435 0.138916 -0.041367 0.989440 109.402184 0.000000 0.000000 0.000000 1.000000
0.961023 -0.245908 -0.126349 -1.268653 0.250052 0.968069 0.017807 102.739243 0.117935 -0.048707 0.991826 112.299248 0.000000 0.000000 0.000000 1.000000
0.963978 -0.246695 -0.099438 -1.447006 0.251092 0.967357 0.034248 102.254417 0.087744 -0.057983 0.994454 115.649788 0.000000 0.000000 0.000000 1.000000
0.970279 -0.233578 -0.063250 -1.856297 0.236796 0.970310 0.049248 101.848953 0.049869 -0.062762 0.996782 119.757462 0.000000 0.000000 0.000000 1.000000
0.977622 -0.209767 -0.015915 -2.477637 0.210337 0.976005 0.056333 101.776794 0.003717 -0.058420 0.998285 124.665222 0.000000 0.000000 0.000000 1.000000
0.983591 -0.176046 0.039460 -2.938093 0.173738 0.983208 0.055823 102.517624 -0.048625 -0.048051 0.997661 129.764938 0.000000 0.000000 0.000000 1.000000
0.987311 -0.129313 0.092172 -3.000808 0.125102 0.990878 0.050105 104.452141 -0.097811 -0.037938 0.994482 134.240494 0.000000 0.000000 0.000000 1.000000
0.988768 -0.074058 0.129822 -2.877581 0.069486 0.996804 0.039407 106.956314 -0.132326 -0.029944 0.990754 137.860092 0.000000 0.000000 0.000000 1.000000
0.988912 -0.023881 0.146571 -2.856326 0.020430 0.999479 0.025004 109.342796 -0.147092 -0.021732 0.988884 141.090195 0.000000 0.000000 0.000000 1.000000
0.989245 0.016001 0.145390 -2.954661 -0.018001 0.999761 0.012446 111.427895 -0.145156 -0.014929 0.989296 144.217468 0.000000 0.000000 0.000000 1.000000
0.989947 0.045747 0.133837 -3.087060 -0.047193 0.998857 0.007646 113.253464 -0.133335 -0.013886 0.990974 147.376434 0.000000 0.000000 0.000000 1.000000
0.990676 0.063814 0.120373 -3.221519 -0.065696 0.997771 0.011733 114.569237 -0.119356 -0.019532 0.992659 150.937943 0.000000 0.000000 0.000000 1.000000
0.991533 0.070214 0.109232 -3.334697 -0.072938 0.997113 0.021137 115.271767 -0.107432 -0.028925 0.993792 155.189148 0.000000 0.000000 0.000000 1.000000
0.991663 0.079795 0.101178 -3.534426 -0.083280 0.996053 0.030694 115.769592 -0.098330 -0.038865 0.994395 159.875504 0.000000 0.000000 0.000000 1.000000
0.992755 0.076327 0.092794 -3.584288 -0.080216 0.996017 0.038921 114.157356 -0.089454 -0.046082 0.994924 165.406693 0.000000 0.000000 0.000000 1.000000
0.991521 0.097456 0.085952 -3.671553 -0.101916 0.993580 0.049117 112.076859 -0.080613 -0.057461 0.995088 170.168106 0.000000 0.000000 0.000000 1.000000
0.986044 0.142721 0.085717 -3.796771 -0.148262 0.986993 0.062158 109.703712 -0.075731 -0.073999 0.994379 173.939896 0.000000 0.000000 0.000000 1.000000
0.976883 0.193664 0.090519 -3.916997 -0.200301 0.977155 0.071042 107.057526 -0.074692 -0.087531 0.993358 177.058105 0.000000 0.000000 0.000000 1.000000
0.969220 0.229204 0.089880 -3.927674 -0.235674 0.969348 0.069441 104.749229 -0.071209 -0.088486 0.993529 180.237183 0.000000 0.000000 0.000000 1.000000
0.966757 0.244894 0.073533 -3.715748 -0.249456 0.966466 0.060956 103.257881 -0.056139 -0.077273 0.995428 183.849228 0.000000 0.000000 0.000000 1.000000
0.968203 0.247059 0.039307 -3.351517 -0.248978 0.966930 0.055284 102.661003 -0.024348 -0.063313 0.997697 187.962173 0.000000 0.000000 0.000000 1.000000
0.971657 0.236325 -0.005740 -2.981919 -0.235630 0.970179 0.056834 102.827118 0.019000 -0.053871 0.998367 192.585770 0.000000 0.000000 0.000000 1.000000
0.976149 0.210855 -0.051712 -2.619734 -0.207644 0.976289 0.061179 103.759033 0.063385 -0.048983 0.996786 197.494339 0.000000 0.000000 0.000000 1.000000
0.979888 0.176063 -0.093917 -2.283916 -0.170669 0.983329 0.062733 105.422134 0.103397 -0.045443 0.993602 202.255936 0.000000 0.000000 0.000000 1.000000
0.981715 0.137301 -0.131850 -2.022396 -0.130428 0.989673 0.059462 107.502640 0.138653 -0.041178 0.989485 206.613266 0.000000 0.000000 0.000000 1.000000
0.982863 0.088630 -0.161634 -1.751407 -0.081205 0.995340 0.051993 109.548477 0.165489 -0.037976 0.985480 210.262878 0.000000 0.000000 0.000000 1.000000
0.983781 0.038742 -0.175138 -1.440509 -0.031532 0.998544 0.043769 111.837334 0.176578 -0.037537 0.983571 213.385239 0.000000 0.000000 0.000000 1.000000
0.984552 -0.005730 -0.174999 -1.016630 0.012687 0.999172 0.038665 114.013344 0.174633 -0.040288 0.983809 216.306671 0.000000 0.000000 0.000000 1.000000
0.983653 -0.047924 -0.173581 -0.434244 0.054899 0.997857 0.035608 115.183655 0.171502 -0.044556 0.984176 219.160355 0.000000 0.000000 0.000000 1.000000
0.981169 -0.074320 -0.178281 0.106435 0.081011 0.996245 0.030539 115.883774 0.175342 -0.044407 0.983506 222.623016 0.000000 0.000000 0.000000 1.000000
0.977905 -0.089172 -0.189078 0.488454 0.095048 0.995225 0.022224 115.840614 0.186194 -0.039705 0.981710 226.842941 0.000000 0.000000 0.000000 1.000000
0.974540 -0.099902 -0.200728 0.711388 0.104871 0.994384 0.014249 115.075043 0.198177 -0.034937 0.979543 231.703049 0.000000 0.000000 0.000000 1.000000
0.971180 -0.113831 -0.209406 0.834499 0.118561 0.992895 0.010131 113.563820 0.206765 -0.034666 0.977776 236.706085 0.000000 0.000000 0.000000 1.000000
0.965547 -0.144568 -0.216379 0.836276 0.149807 0.988684 0.007919 111.083000 0.212786 -0.040061 0.976277 241.084259 0.000000 0.000000 0.000000 1.000000
0.955931 -0.192817 -0.221401 0.733871 0.198596 0.980074 0.003928 108.059265 0.216232 -0.047724 0.975175 244.551178 0.000000 0.000000 0.000000 1.000000
0.945953 -0.238160 -0.220121 0.724586 0.244557 0.969633 0.001871 105.728943 0.212991 -0.055602 0.975471 247.669174 0.000000 0.000000 0.000000 1.000000
0.941891 -0.261603 -0.210726 0.816785 0.269458 0.962971 0.008942 104.591415 0.200584 -0.065204 0.977504 251.010941 0.000000 0.000000 0.000000 1.000000
0.944343 -0.267200 -0.191888 0.698045 0.276528 0.960729 0.023087 103.817009 0.178183 -0.074864 0.981145 254.543625 0.000000 0.000000 0.000000 1.000000
0.952493 -0.262054 -0.155190 0.168757 0.270596 0.962006 0.036359 103.174767 0.139766 -0.076625 0.987215 258.599365 0.000000 0.000000 0.000000 1.000000
0.963692 -0.249081 -0.096211 -0.643490 0.254183 0.966117 0.044825 102.827240 0.081786 -0.067653 0.994351 263.358673 0.000000 0.000000 0.000000 1.000000
0.974721 -0.222193 -0.023417 -1.374073 0.223085 0.973650 0.047309 103.374374 0.012288 -0.051337 0.998606 268.433563 0.000000 0.000000 0.000000 1.000000
0.982320 -0.181106 0.047414 -1.784506 0.179266 0.982964 0.040575 104.890533 -0.053955 -0.031358 0.998051 273.242096 0.000000 0.000000 0.000000 1.000000
0.985879 -0.132603 0.102265 -2.033291 0.130769 0.991111 0.024465 107.046150 -0.104600 -0.010746 0.994456 277.530396 0.000000 0.000000 0.000000 1.000000
0.987425 -0.083759 0.134072 -2.314901 0.083626 0.996475 0.006636 109.395889 -0.134155 0.004660 0.990949 281.413818 0.000000 0.000000 0.000000 1.000000
0.988843 -0.038493 0.143901 -2.608729 0.039436 0.999215 -0.003705 111.602478 -0.143646 0.009338 0.989585 285.155975 0.000000 0.000000 0.000000 1.000000
0.990403 0.001570 0.138198 -2.865731 -0.000940 0.999989 -0.004627 113.713158 -0.138204 0.004453 0.990394 288.893188 0.000000 0.000000 0.000000 1.000000
0.991383 0.034557 0.126356 -3.167100 -0.034734 0.999396 -0.000802 115.785278 -0.126308 -0.003594 0.991985 292.715271 0.000000 0.000000 0.000000 1.000000
0.991548 0.055880 0.117090 -3.522762 -0.056766 0.998378 0.004246 117.399078 -0.116663 -0.010857 0.993112 296.934265 0.000000 0.000000 0.000000 1.000000
0.990968 0.069169 0.114880 -3.860674 -0.070931 0.997417 0.011319 118.003746 -0.113801 -0.019365 0.993315 301.765137 0.000000 0.000000 0.000000 1.000000
0.991602 0.064135 0.112308 -3.993633 -0.067072 0.997493 0.022567 116.563545 -0.110579 -0.029911 0.993417 307.790009 0.000000 0.000000 0.000000 1.000000
0.992023 0.071313 0.103951 -4.045828 -0.075562 0.996435 0.037521 113.791237 -0.100905 -0.045076 0.993874 313.649811 0.000000 0.000000 0.000000 1.000000
0.988728 0.115398 0.095397 -4.171477 -0.120789 0.991273 0.052794 110.805847 -0.088472 -0.063721 0.994038 318.293762 0.000000 0.000000 0.000000 1.000000
0.979589 0.177254 0.094799 -4.356458 -0.183643 0.980940 0.063503 108.105568 -0.081736 -0.079616 0.993469 321.965942 0.000000 0.000000 0.000000 1.000000
0.970335 0.219491 0.101357 -4.496871 -0.226719 0.971705 0.066234 105.997543 -0.083951 -0.087249 0.992643 325.607758 0.000000 0.000000 0.000000 1.000000
0.967249 0.230600 0.106077 -4.589064 -0.237769 0.969427 0.060634 104.681915 -0.088851 -0.083870 0.992508 329.633484 0.000000 0.000000 0.000000 1.000000
0.969314 0.226790 0.094850 -4.618359 -0.232229 0.971336 0.050754 103.738640 -0.080620 -0.071223 0.994197 333.968719 0.000000 0.000000 0.000000 1.000000
0.973335 0.221867 0.058263 -4.524261 -0.224544 0.973459 0.044253 103.241600 -0.046899 -0.056155 0.997320 338.795258 0.000000 0.000000 0.000000 1.000000
0.975891 0.218224 0.003766 -4.426600 -0.218175 0.974909 0.044181 103.899971 0.005970 -0.043937 0.999016 344.085571 0.000000 0.000000 0.000000 1.000000
0.979689 0.192499 -0.056158 -4.356936 -0.190098 0.980715 0.045405 104.944321 0.063815 -0.033807 0.997389 349.126678 0.000000 0.000000 0.000000 1.000000
0.982058 0.153822 -0.109094 -4.414191 -0.150237 0.987824 0.040408 106.581345 0.113981 -0.023293 0.993210 353.727234 0.000000 0.000000 0.000000 1.000000
0.982867 0.108257 -0.149176 -4.448144 -0.105117 0.994043 0.028801 108.764175 0.151405 -0.012626 0.988391 357.807190 0.000000 0.000000 0.000000 1.000000
0.983091 0.062211 -0.172226 -4.436739 -0.060242 0.998045 0.016638 111.260277 0.172924 -0.005981 0.984917 361.318695 0.000000 0.000000 0.000000 1.000000
0.983692 0.014630 -0.179263 -4.312160 -0.012940 0.999860 0.010593 113.350723 0.179393 -0.008101 0.983744 364.359070 0.000000 0.000000 0.000000 1.000000
0.983917 -0.027243 -0.176536 -4.074222 0.029841 0.999482 0.012078 115.244965 0.176115 -0.017152 0.984220 367.467804 0.000000 0.000000 0.000000 1.000000
0.982865 -0.058344 -0.174848 -3.870243 0.062152 0.997932 0.016378 116.546204 0.173531 -0.026965 0.984459 371.146393 0.000000 0.000000 0.000000 1.000000
0.980569 -0.076562 -0.180617 -3.883737 0.081288 0.996511 0.018900 116.536171 0.178540 -0.033215 0.983372 375.621521 0.000000 0.000000 0.000000 1.000000
0.977161 -0.093007 -0.191063 -4.029807 0.098893 0.994866 0.021489 115.310638 0.188084 -0.039893 0.981342 380.423889 0.000000 0.000000 0.000000 1.000000
0.973125 -0.116149 -0.198837 -4.210030 0.124203 0.991848 0.028480 112.816696 0.193909 -0.052411 0.979619 384.981781 0.000000 0.000000 0.000000 1.000000
0.967392 -0.154451 -0.200744 -4.399736 0.165023 0.985598 0.036940 109.299202 0.192148 -0.068863 0.978947 388.881134 0.000000 0.000000 0.000000 1.000000
0.960179 -0.195732 -0.199361 -4.557220 0.207171 0.977565 0.038028 106.010536 0.187445 -0.077816 0.979188 392.453613 0.000000 0.000000 0.000000 1.000000
0.954264 -0.224785 -0.197109 -4.662073 0.234879 0.971589 0.029108 104.059769 0.184966 -0.074073 0.979949 396.198334 0.000000 0.000000 0.000000 1.000000
0.950433 -0.244601 -0.191958 -4.851251 0.252452 0.967457 0.017179 102.824135 0.181509 -0.064788 0.981253 399.845490 0.000000 0.000000 0.000000 1.000000
0.951781 -0.253352 -0.172991 -5.344149 0.259118 0.965780 0.011220 102.160728 0.164228 -0.055504 0.984860 403.548492 0.000000 0.000000 0.000000 1.000000
0.959146 -0.248917 -0.134458 -6.183110 0.252851 0.967421 0.012739 101.932968 0.126907 -0.046216 0.990837 407.643890 0.000000 0.000000 0.000000 1.000000
0.969550 -0.231255 -0.080584 -7.160443 0.233241 0.972286 0.016047 102.224716 0.074639 -0.034354 0.996619 412.138885 0.000000 0.000000 0.000000 1.000000
0.979060 -0.202693 -0.018909 -7.975821 0.202996 0.979052 0.015786 103.366241 0.015313 -0.019293 0.999697 416.685272 0.000000 0.000000 0.000000 1.000000
0.985637 -0.163627 0.041786 -8.478183 0.163269 0.986510 0.011865 105.337509 -0.043163 -0.004872 0.999056 420.844635 0.000000 0.000000 0.000000 1.000000
0.989102 -0.116205 0.090407 -8.790009 0.116162 0.993214 0.005753 107.787445 -0.090462 0.004811 0.995888 424.468903 0.000000 0.000000 0.000000 1.000000
0.990768 -0.064901 0.119025 -9.129204 0.065667 0.997838 -0.002520 110.395927 -0.118604 0.010312 0.992888 427.738647 0.000000 0.000000 0.000000 1.000000
0.991711 -0.015293 0.127576 -9.519130 0.016801 0.999801 -0.010746 112.901123 -0.127386 0.012801 0.991771 430.904846 0.000000 0.000000 0.000000 1.000000
0.992063 0.028163 0.122545 -9.867590 -0.026633 0.999546 -0.014113 115.191544 -0.122887 0.010737 0.992363 434.149780 0.000000 0.000000 0.000000 1.000000
0.991674 0.061867 0.112938 -10.139932 -0.060988 0.998075 -0.011231 117.015228 -0.113415 0.004250 0.993539 437.729187 0.000000 0.000000 0.000000 1.000000
0.990026 0.091931 0.106756 -10.392430 -0.091924 0.995753 -0.004997 118.109360 -0.106762 -0.004866 0.994273 441.725555 0.000000 0.000000 0.000000 1.000000
0.990688 0.090775 0.101477 -10.579178 -0.091671 0.995781 0.004190 116.970215 -0.100668 -0.013453 0.994829 447.288544 0.000000 0.000000 0.000000 1.000000
0.991273 0.097318 0.088922 -10.805276 -0.099348 0.994877 0.018688 115.357079 -0.086648 -0.027359 0.995863 452.957367 0.000000 0.000000 0.000000 1.000000
0.990291 0.120690 0.068981 -10.943757 -0.123389 0.991694 0.036293 112.479836 -0.064028 -0.044452 0.996958 458.091034 0.000000 0.000000 0.000000 1.000000
0.982957 0.176098 0.052776 -11.112182 -0.178665 0.982707 0.048644 109.652542 -0.043297 -0.057244 0.997421 461.918396 0.000000 0.000000 0.000000 1.000000
0.971498 0.232827 0.044533 -11.169472 -0.234988 0.970622 0.051700 106.834900 -0.031188 -0.060691 0.997669 465.164825 0.000000 0.000000 0.000000 1.000000
0.963373 0.264861 0.041963 -11.109158 -0.266767 0.962502 0.049255 104.806442 -0.027344 -0.058645 0.997904 468.633301 0.000000 0.000000 0.000000 1.000000
0.961019 0.274009 0.036907 -10.981041 -0.275517 0.960240 0.045042 103.698654 -0.023097 -0.053455 0.998303 472.511108 0.000000 0.000000 0.000000 1.000000
0.961319 0.274901 0.017185 -10.786005 -0.275386 0.960472 0.040707 103.086845 -0.005315 -0.043865 0.999023 476.808990 0.000000 0.000000 0.000000 1.000000
0.962679 0.269707 -0.022528 -10.474813 -0.268750 0.962452 0.038204 103.203827 0.031986 -0.030724 0.999016 481.534119 0.000000 0.000000 0.000000 1.000000
0.964805 0.252526 -0.073363 -10.036875 -0.250413 0.967438 0.036843 104.775856 0.080278 -0.017175 0.996625 486.396515 0.000000 0.000000 0.000000 1.000000
0.969014 0.215562 -0.120599 -9.468608 -0.213037 0.976466 0.033608 107.153740 0.125005 -0.006875 0.992132 490.781219 0.000000 0.000000 0.000000 1.000000
0.974571 0.163994 -0.152698 -8.812792 -0.161436 0.986454 0.029092 109.728294 0.155400 -0.003701 0.987845 494.440521 0.000000 0.000000 0.000000 1.000000
0.979860 0.108408 -0.167699 -8.094069 -0.105147 0.994056 0.028231 112.585831 0.169763 -0.010029 0.985434 497.507568 0.000000 0.000000 0.000000 1.000000
0.983800 0.045454 -0.173412 -7.346740 -0.040344 0.998645 0.032882 114.779343 0.174672 -0.025353 0.984300 500.028534 0.000000 0.000000 0.000000 1.000000
0.983996 -0.003436 -0.178155 -6.695707 0.010352 0.999228 0.037903 116.697777 0.177887 -0.039140 0.983272 502.842346 0.000000 0.000000 0.000000 1.000000
0.982147 -0.034643 -0.184898 -6.149816 0.041872 0.998498 0.035333 117.447235 0.183396 -0.042444 0.982122 506.433960 0.000000 0.000000 0.000000 1.000000
0.981790 -0.045615 -0.184412 -5.674534 0.050671 0.998455 0.022794 116.624786 0.183087 -0.031723 0.982585 511.194580 0.000000 0.000000 0.000000 1.000000
0.984697 -0.058914 -0.164014 -5.159713 0.061095 0.998098 0.008280 115.470963 0.163214 -0.018174 0.986423 516.301147 0.000000 0.000000 0.000000 1.000000
0.988216 -0.084338 -0.127735 -4.611511 0.085584 0.996322 0.004287 114.259529 0.126904 -0.015169 0.991799 521.418030 0.000000 0.000000 0.000000 1.000000
0.988366 -0.121108 -0.092009 -4.061175 0.122950 0.992305 0.014610 112.826591 0.089532 -0.025752 0.995651 526.277161 0.000000 0.000000 0.000000 1.000000
0.983473 -0.167568 -0.068573 -3.548908 0.169951 0.984981 0.030496 111.059708 0.062433 -0.041646 0.997180 530.331604 0.000000 0.000000 0.000000 1.000000
0.975205 -0.214623 -0.053967 -3.099469 0.217080 0.975129 0.044708 109.174866 0.043030 -0.055314 0.997541 533.561768 0.000000 0.000000 0.000000 1.000000
0.968401 -0.246378 -0.038686 -2.642457 0.248363 0.966822 0.059751 107.937164 0.022681 -0.067471 0.997463 536.721313 0.000000 0.000000 0.000000 1.000000
0.964550 -0.263163 -0.019695 -2.252866 0.263897 0.961561 0.075885 107.239822 -0.001032 -0.078392 0.996922 540.096375 0.000000 0.000000 0.000000 1.000000
0.961453 -0.274927 0.004798 -2.213504 0.273490 0.957944 0.086871 106.577438 -0.028479 -0.082210 0.996208 543.533691 0.000000 0.000000 0.000000 1.000000
0.959286 -0.279938 0.037473 -2.607303 0.275632 0.956849 0.092015 106.288651 -0.061614 -0.077940 0.995052 547.089905 0.000000 0.000000 0.000000 1.000000
0.958876 -0.273839 0.074618 -3.206565 0.266453 0.959086 0.095688 106.565407 -0.097768 -0.071871 0.992611 550.654236 0.000000 0.000000 0.000000 1.000000
0.960093 -0.256144 0.112300 -3.869147 0.246042 0.964461 0.096328 107.326828 -0.132982 -0.064853 0.988994 554.094055 0.000000 0.000000 0.000000 1.000000
0.962117 -0.225609 0.153075 -4.687702 0.214089 0.972825 0.088186 108.606735 -0.168810 -0.052074 0.984272 557.293884 0.000000 0.000000 0.000000 1.000000
0.963019 -0.179008 0.201371 -5.730314 0.167874 0.983233 0.071215 110.521088 -0.210743 -0.034776 0.976923 560.044373 0.000000 0.000000 0.000000 1.000000
0.958506 -0.123336 0.257009 -6.883579 0.113875 0.992163 0.051436 112.635765 -0.261339 -0.020035 0.965039 562.479919 0.000000 0.000000 0.000000 1.000000
0.946485 -0.072647 0.314466 -7.934276 0.064962 0.997279 0.034864 114.618797 -0.316143 -0.012570 0.948628 564.969849 0.000000 0.000000 0.000000 1.000000
0.928234 -0.041634 0.369660 -8.767411 0.035467 0.999095 0.023464 116.084793 -0.370303 -0.008670 0.928871 567.884277 0.000000 0.000000 0.000000 1.000000
0.904345 -0.030079 0.425742 -9.465827 0.026888 0.999547 0.013504 116.634148 -0.425955 -0.000765 0.904744 571.444763 0.000000 0.000000 0.000000 1.000000
0.874761 -0.023130 0.484002 -10.129099 0.025360 0.999676 0.001939 116.430397 -0.483890 0.010578 0.875065 575.426270 0.000000 0.000000 0.000000 1.000000
0.844467 -0.017357 0.535326 -10.689906 0.024174 0.999691 -0.005721 115.722931 -0.535062 0.017772 0.844626 579.508423 0.000000 0.000000 0.000000 1.000000
0.823578 -0.022704 0.566749 -10.980515 0.027379 0.999625 0.000259 114.916290 -0.566542 0.015304 0.823891 583.360596 0.000000 0.000000 0.000000 1.000000
0.815917 -0.041292 0.576692 -10.945433 0.034893 0.999145 0.022174 114.528992 -0.577115 0.002030 0.816660 586.739563 0.000000 0.000000 0.000000 1.000000
0.813908 -0.064863 0.577361 -10.745219 0.042628 0.997737 0.051996 114.736259 -0.579427 -0.017708 0.814831 589.722229 0.000000 0.000000 0.000000 1.000000
0.808010 -0.087376 0.582653 -10.547393 0.049964 0.995541 0.080005 115.319221 -0.587046 -0.035533 0.808774 592.446533 0.000000 0.000000 0.000000 1.000000
0.793749 -0.111773 0.597887 -10.376907 0.063447 0.992823 0.101374 116.012230 -0.604927 -0.042531 0.795144 594.961975 0.000000 0.000000 0.000000 1.000000
0.770698 -0.137334 0.622225 -10.194954 0.082988 0.989814 0.115675 116.640259 -0.631773 -0.037513 0.774245 597.210754 0.000000 0.000000 0.000000 1.000000
0.740829 -0.155102 0.653541 -10.028616 0.097969 0.987521 0.123310 117.105728 -0.664511 -0.027325 0.746779 599.140137 0.000000 0.000000 0.000000 1.000000
0.707908 -0.161116 0.687683 -9.923292 0.103050 0.986777 0.125110 117.388008 -0.698747 -0.017701 0.715150 600.821106 0.000000 0.000000 0.000000 1.000000
0.675601 -0.161140 0.719442 -9.849552 0.102780 0.986879 0.124523 117.440521 -0.730068 -0.010184 0.683299 602.349426 0.000000 0.000000 0.000000 1.000000
0.644999 -0.162099 0.746793 -9.734454 0.102257 0.986763 0.125869 117.301155 -0.757311 -0.004821 0.653037 603.776367 0.000000 0.000000 0.000000 1.000000
0.614358 -0.164955 0.771592 -9.548684 0.101952 0.986301 0.129680 117.101288 -0.782413 -0.001005 0.622760 605.110962 0.000000 0.000000 0.000000 1.000000
0.582608 -0.166589 0.795497 -9.322999 0.100577 0.986023 0.132827 116.898651 -0.806506 0.002623 0.591220 606.328369 0.000000 0.000000 0.000000 1.000000
0.552474 -0.164291 0.817179 -9.115087 0.097574 0.986390 0.132343 116.657043 -0.827800 0.006619 0.560985 607.385742 0.000000 0.000000 0.000000 1.000000
0.529119 -0.156394 0.834011 -8.964369 0.092746 0.987639 0.126361 116.379196 -0.843464 0.010492 0.537083 608.276245 0.000000 0.000000 0.000000 1.000000
0.514923 -0.142397 0.845327 -8.886178 0.085669 0.989718 0.114536 116.124359 -0.852945 0.013441 0.521827 609.016663 0.000000 0.000000 0.000000 1.000000
0.506994 -0.126702 0.852586 -8.870654 0.079077 0.991803 0.100368 115.960442 -0.858314 0.016534 0.512858 609.633362 0.000000 0.000000 0.000000 1.000000
0.500997 -0.115997 0.857640 -8.898403 0.076929 0.993023 0.089369 115.817902 -0.862023 0.021204 0.506425 610.133972 0.000000 0.000000 0.000000 1.000000
0.495434 -0.111360 0.861478 -8.940543 0.079353 0.993404 0.082778 115.678680 -0.865013 0.027350 0.501003 610.540405 0.000000 0.000000 0.000000 1.000000
0.490532 -0.107649 0.864748 -8.995431 0.082837 0.993607 0.076701 115.556152 -0.867477 0.034009 0.496314 610.874084 0.000000 0.000000 0.000000 1.000000
0.485441 -0.100770 0.868443 -9.081831 0.084121 0.994110 0.068330 115.474350 -0.870213 0.039884 0.491058 611.157837 0.000000 0.000000 0.000000 1.000000
0.479224 -0.092027 0.872855 -9.194638 0.082626 0.994802 0.059520 115.441650 -0.873795 0.043597 0.484337 611.424438 0.000000 0.000000 0.000000 1.000000
0.472843 -0.084867 0.877050 -9.295505 0.079724 0.995389 0.053336 115.447342 -0.877533 0.044703 0.477429 611.697144 0.000000 0.000000 0.000000 1.000000
0.468286 -0.080568 0.879896 -9.352152 0.076985 0.995767 0.050205 115.466805 -0.880217 0.044228 0.472507 611.970398 0.000000 0.000000 0.000000 1.000000
0.466664 -0.078543 0.880940 -9.364614 0.075405 0.995956 0.048853 115.454407 -0.881214 0.043630 0.470699 612.221008 0.000000 0.000000 0.000000 1.000000
0.467326 -0.077600 0.880673 -9.345893 0.073961 0.996080 0.048522 115.431557 -0.880986 0.042460 0.471233 612.437317 0.000000 0.000000 0.000000 1.000000
0.469077 -0.076749 0.879816 -9.319841 0.071664 0.996239 0.048697 115.411789 -0.880245 0.040208 0.472813 612.622375 0.000000 0.000000 0.000000 1.000000
0.471473 -0.074562 0.878723 -9.320271 0.067699 0.996539 0.048236 115.420654 -0.879278 0.036746 0.474889 612.771851 0.000000 0.000000 0.000000 1.000000
0.474249 -0.069847 0.877615 -9.396968 0.062576 0.997001 0.045534 115.489555 -0.878164 0.033323 0.477198 612.835022 0.000000 0.000000 0.000000 1.000000
0.476010 -0.062837 0.877192 -9.596817 0.059479 0.997461 0.039175 115.665886 -0.877426 0.033527 0.478539 612.724609 0.000000 0.000000 0.000000 1.000000
0.474756 -0.055174 0.878386 -9.936410 0.062030 0.997649 0.029138 115.967026 -0.877929 0.040653 0.477062 612.371033 0.000000 0.000000 0.000000 1.000000
0.468681 -0.048502 0.882035 -10.413827 0.070295 0.997373 0.017492 116.365944 -0.880566 0.053804 0.470860 611.768188 0.000000 0.000000 0.000000 1.000000
0.455021 -0.040723 0.889549 -11.083862 0.080578 0.996739 0.004413 116.837143 -0.886828 0.069670 0.456818 610.981506 0.000000 0.000000 0.000000 1.000000
0.429509 -0.022807 0.902774 -12.094468 0.089188 0.995865 -0.017274 117.308731 -0.898647 0.087936 0.429767 610.104248 0.000000 0.000000 0.000000 1.000000
0.389915 0.014317 0.920740 -13.534775 0.095869 0.993815 -0.056052 117.629089 -0.915847 0.110126 0.386130 609.195496 0.000000 0.000000 0.000000 1.000000
0.340602 0.066550 0.937850 -15.250871 0.105349 0.988509 -0.108404 117.852814 -0.934287 0.135724 0.329677 608.339294 0.000000 0.000000 0.000000 1.000000
0.290250 0.120251 0.949365 -16.952070 0.118730 0.979883 -0.160416 117.960770 -0.949557 0.159279 0.270133 607.580505 0.000000 0.000000 0.000000 1.000000
0.243769 0.165577 0.955595 -18.444845 0.134434 0.970037 -0.202373 118.025154 -0.960471 0.177797 0.214206 606.955688 0.000000 0.000000 0.000000 1.000000
0.198826 0.202689 0.958846 -19.704275 0.150497 0.960460 -0.234238 118.016434 -0.968411 0.190875 0.160460 606.485046 0.000000 0.000000 0.000000 1.000000
0.151176 0.235518 0.960040 -20.753325 0.164678 0.951630 -0.259386 117.831017 -0.974693 0.197310 0.105079 606.204895 0.000000 0.000000 0.000000 1.000000
0.099058 0.264435 0.959303 -21.573284 0.176449 0.944099 -0.278465 117.592621 -0.979313 0.196852 0.046862 606.162598 0.000000 0.000000 0.000000 1.000000
0.042391 0.287069 0.956971 -22.084606 0.184326 0.939143 -0.289886 117.301720 -0.981951 0.188683 -0.013103 606.297119 0.000000 0.000000 0.000000 1.000000
-0.020311 0.302414 0.952960 -22.226610 0.184322 0.937951 -0.293723 116.878067 -0.982656 0.169685 -0.074792 606.478210 0.000000 0.000000 0.000000 1.000000
-0.092226 0.311493 0.945762 -22.059010 0.177334 0.939764 -0.292225 116.503738 -0.979820 0.140765 -0.141909 606.668579 0.000000 0.000000 0.000000 1.000000
-0.173179 0.314425 0.933352 -21.638870 0.166844 0.943340 -0.286832 116.377838 -0.970655 0.106051 -0.215827 606.819458 0.000000 0.000000 0.000000 1.000000
-0.257974 0.309132 0.915362 -20.901161 0.154345 0.948449 -0.276807 116.502151 -0.953744 0.069872 -0.292388 606.768799 0.000000 0.000000 0.000000 1.000000
-0.341709 0.295557 0.892122 -19.761618 0.139740 0.954688 -0.262760 116.687897 -0.929359 0.034877 -0.367527 606.357971 0.000000 0.000000 0.000000 1.000000
-0.422467 0.277714 0.862784 -18.303404 0.125076 0.960659 -0.247974 116.784821 -0.897707 0.003153 -0.440582 605.532959 0.000000 0.000000 0.000000 1.000000
-0.498940 0.256963 0.827665 -16.684206 0.109763 0.966077 -0.233767 116.781258 -0.859658 -0.025789 -0.510219 604.269836 0.000000 0.000000 0.000000 1.000000
-0.569057 0.231727 0.788972 -15.035170 0.092931 0.971448 -0.218294 116.650711 -0.817030 -0.050902 -0.574344 602.565552 0.000000 0.000000 0.000000 1.000000
-0.631107 0.203722 0.748466 -13.437496 0.077055 0.976589 -0.200840 116.521278 -0.771859 -0.069078 -0.632029 600.439209 0.000000 0.000000 0.000000 1.000000
-0.685579 0.176998 0.706154 -11.929965 0.065525 0.981060 -0.182287 116.454605 -0.725044 -0.078701 -0.684191 597.928528 0.000000 0.000000 0.000000 1.000000
-0.735137 0.153816 0.660238 -10.588342 0.059968 0.984856 -0.162671 116.444321 -0.675261 -0.079992 -0.733229 595.121582 0.000000 0.000000 0.000000 1.000000
-0.781923 0.133070 0.609007 -9.519663 0.058140 0.988260 -0.141289 116.440262 -0.620658 -0.075069 -0.780480 592.128296 0.000000 0.000000 0.000000 1.000000
-0.825278 0.113483 0.553206 -8.805754 0.057129 0.991353 -0.118137 116.276024 -0.561829 -0.065892 -0.824625 589.083679 0.000000 0.000000 0.000000 1.000000
-0.862883 0.096813 0.496045 -8.463283 0.057518 0.993916 -0.093927 115.885376 -0.502120 -0.052517 -0.863202 586.142883 0.000000 0.000000 0.000000 1.000000
-0.893340 0.086180 0.441041 -8.418813 0.061625 0.995661 -0.069730 115.301620 -0.445136 -0.035113 -0.894774 583.447937 0.000000 0.000000 0.000000 1.000000
-0.916422 0.082991 0.391513 -8.574697 0.069588 0.996405 -0.048326 114.575859 -0.394116 -0.017043 -0.918903 581.108337 0.000000 0.000000 0.000000 1.000000
-0.931653 0.088643 0.352371 -8.877197 0.082006 0.996060 -0.033749 113.622162 -0.353974 -0.002546 -0.935252 579.259460 0.000000 0.000000 0.000000 1.000000
-0.939314 0.102721 0.327318 -9.215920 0.099340 0.994685 -0.027078 112.326714 -0.328360 0.007081 -0.944526 577.945496 0.000000 0.000000 0.000000 1.000000
-0.941108 0.122824 0.315007 -9.413757 0.121637 0.992296 -0.023505 110.647537 -0.315467 0.016196 -0.948798 577.052856 0.000000 0.000000 0.000000 1.000000
